date,tic,close,high,low
2024-01-02,AAPL,190.7063197690025,191.83906230373654,189.06853083719898
2024-01-02,AMZN,152.5567723255328,153.93241168932806,150.69910814302048
2024-01-02,GOOGL,138.96296820589328,140.11905365238843,137.56536347575084
2024-01-02,MSFT,369.6949483003171,371.67008154029867,366.51614593811905
2024-01-02,NVDA,49.63934966918801,50.33293651634138,48.74068396725799
2024-01-03,AAPL,183.36895686474662,184.72322688828314,181.73060359838672
2024-01-03,AMZN,150.320234438431,151.58109110685047,148.29719580948995
2024-01-03,GOOGL,136.65280864314312,137.7341577105607,135.55099083358616
2024-01-03,MSFT,363.9899087834234,366.3088094526648,360.6652486251594
2024-01-03,NVDA,48.09805043991389,48.75044620988601,47.31154835555217
2024-01-04,AAPL,182.1327796129972,183.32967087421076,180.72596666040312
2024-01-04,AMZN,148.5625386913355,149.76857434377524,146.7303559073691
2024-01-04,GOOGL,137.59249386943944,138.77560841899242,136.0751085768964
2024-01-04,MSFT,364.0466650546227,366.7010012895184,360.7483930897369
2024-01-04,NVDA,47.5248084716078,48.12224175586145,46.71107026674682
2024-01-05,AAPL,180.15205747444418,181.08095019918972,178.80812346242536
2024-01-05,AMZN,144.99063459693033,146.41418110858493,143.4575406321017
2024-01-05,GOOGL,135.2912007601833,136.36258166944728,133.84108678013436
2024-01-05,MSFT,361.4671169892428,363.4466825327139,358.38441980241885
2024-01-05,NVDA,47.80291696346164,48.52072933857626,46.98219444193857
2024-01-08,AAPL,179.2000946609947,180.3685065330816,177.81480187600238
2024-01-08,AMZN,145.19500350479348,146.5653075209629,143.45227048843563
2024-01-08,GOOGL,134.631761288427,135.5982214450187,133.15609516985938
2024-01-08,MSFT,361.0161771309819,362.982427920238,357.7547864526548
2024-01-08,NVDA,48.97043629940201,49.632423310295785,48.193043185945946
2024-01-09,AAPL,183.4629763579934,184.427836812551,181.8870871886624
2024-01-09,AMZN,149.28112286518154,150.8361642211882,147.29435790965644
2024-01-09,GOOGL,137.60742168476412,138.95091608049486,136.2109667071455
2024-01-09,MSFT,368.04922071583803,370.52644066113015,364.7306998291709
2024-01-09,NVDA,52.33250289054467,53.12961736911293,51.356838836292475
2024-01-10,AAPL,183.20257700670783,184.2752652256398,181.66180387631204
2024-01-10,AMZN,151.76957488079057,153.02532823740538,149.74282536500877
2024-01-10,GOOGL,139.63506554332295,140.7146952883384,138.28020586847578
2024-01-10,MSFT,368.94384989561587,371.2337044937763,365.84845150726244
2024-01-10,NVDA,53.14150526983585,53.92241592326162,52.27065400635075
2024-01-11,AAPL,184.3518276095731,185.49350420768297,182.69793489384153
2024-01-11,AMZN,154.4374486720098,155.70988198454103,152.7347832234655
2024-01-11,GOOGL,141.1525623524738,142.36273837743408,139.5243270485906
2024-01-11,MSFT,376.0232887012496,378.2916367396176,372.4978103819546
2024-01-11,NVDA,54.11154773565884,54.830034822126684,53.07983568037921
2024-01-12,AAPL,183.70504339679414,184.73952478392985,182.1391414884482
2024-01-12,AMZN,155.99141937733242,157.26047789281031,153.85678094758669
2024-01-12,GOOGL,140.7614484546137,142.0614342132373,139.25385125187393
2024-01-12,MSFT,378.16916005310964,380.8124105615842,374.500197791969
2024-01-12,NVDA,54.77142928621159,55.651534786338146,54.00033309938803
2024-01-16,AAPL,184.32044305667407,185.19981284622332,182.79861322673025
2024-01-16,AMZN,154.94960952349203,156.4343802402447,153.13565016589178
2024-01-16,GOOGL,141.68213232903122,142.78895642854644,140.30997750267517
2024-01-16,MSFT,382.0707175692692,384.06537568241845,378.17381494555514
2024-01-16,NVDA,54.58703030397115,55.24129186773145,53.75394540190868
2024-01-17,AAPL,181.2665087499045,182.35662201224972,179.7534709559501
2024-01-17,AMZN,153.8971752996714,155.21892926548315,152.2568526868933
2024-01-17,GOOGL,141.39960643861724,142.63624077970968,140.0280386437812
2024-01-17,MSFT,383.41464335511625,385.4250475947678,379.7420276573902
2024-01-17,NVDA,56.28211097147644,56.981500373124206,55.364117513032525
2024-01-18,AAPL,180.79610180933395,181.65488570681666,179.45659850610403
2024-01-18,AMZN,152.09666433127055,153.40503961770767,149.9598955320719
2024-01-18,GOOGL,139.6448969902635,140.6981840102754,138.196885365766
2024-01-18,MSFT,382.5262107626652,384.0339059734136,378.7103460427236
2024-01-18,NVDA,56.022786195664125,56.78230474816703,55.15577152859663
2024-01-19,AAPL,186.66821577655114,187.60576170396814,185.06084477647727
2024-01-19,AMZN,153.92930561433943,155.1469618526517,152.26273979143943
2024-01-19,GOOGL,142.27653581567358,143.2669041198486,140.9308072445258
2024-01-19,MSFT,387.9437305451211,389.58668357992093,384.03849139434044
2024-01-19,NVDA,57.10002812910539,57.759333180021706,56.0163395685828
2024-01-22,AAPL,189.13050425528402,190.36745165525284,187.49185275919862
2024-01-22,AMZN,155.99243583335397,157.25099602083696,154.1967653743703
2024-01-22,GOOGL,144.92151060539783,145.9526280876408,143.50252122648774
2024-01-22,MSFT,391.97050400719587,394.2682808891951,388.1403307277352
2024-01-22,NVDA,59.48963510229276,60.351881530295145,58.60122023805787
2024-01-23,AAPL,191.69484911101966,192.6928560682199,190.11278425040996
2024-01-23,AMZN,155.05136154836273,156.46975317931012,153.24644165519362
2024-01-23,GOOGL,144.73474349607233,145.80842560793369,143.32212919173793
2024-01-23,MSFT,389.0371435428576,390.9321476630054,385.0991699897863
2024-01-23,NVDA,59.875442001500545,60.68441565309639,58.908136122174156
2024-01-24,AAPL,193.86985180191522,194.8243628184356,192.16324822697945
2024-01-24,AMZN,156.37929918303644,157.54119071261812,154.5680742063389
2024-01-24,GOOGL,146.05744677276257,147.05146385357705,144.5363603617348
2024-01-24,MSFT,392.7644647911546,394.59194198704495,389.0633447229846
2024-01-24,NVDA,60.299515539607974,61.0030307814528,59.20264779641839
2024-01-25,AAPL,192.52887033531928,193.40822375581854,190.96753259542177
2024-01-25,AMZN,157.45799799891856,158.5626768798762,155.4772550067753
2024-01-25,GOOGL,148.29960465073106,149.1116929780478,146.779113515945
2024-01-25,MSFT,395.8517528745186,397.72865636301526,391.6650793087994
2024-01-25,NVDA,61.54680599898132,62.28796277989171,60.21210822315228
2024-01-26,AAPL,192.55557183622608,193.4849041976097,190.80047742454326
2024-01-26,AMZN,158.132906454588,159.1874641419758,155.95621998778068
2024-01-26,GOOGL,150.99063828120032,152.2294169556153,149.3844450841476
2024-01-26,MSFT,397.57274464191346,399.66932914135896,393.6923784482837
2024-01-26,NVDA,62.14163651176802,62.83243430420216,61.06094450998405
2024-01-29,AAPL,190.58510977626784,191.4794407858028,189.04840718448537
2024-01-29,AMZN,159.4828984448579,160.64781110216788,157.54315812530407
2024-01-29,GOOGL,151.36140769084022,152.40039921096536,149.82186628082255
2024-01-29,MSFT,397.69562371160583,399.7252035478664,394.0213778136841
2024-01-29,NVDA,61.09206126511189,61.83514848281528,60.07503373639537
2024-01-30,AAPL,189.89183470311872,190.78635328595493,188.42434296739611
2024-01-30,AMZN,161.9509883991714,163.05718715506697,160.2259241642083
2024-01-30,GOOGL,152.3693144659062,153.33880930457522,150.69439066144065
2024-01-30,MSFT,402.3750596671207,404.09721330300744,398.8053430791055
2024-01-30,NVDA,62.92543865441037,63.558188045176614,61.82175784823839
2024-01-31,AAPL,186.1696879605116,187.00468327079744,184.7205969205515
2024-01-31,AMZN,159.69667698707,161.00836788275686,158.022582008195
2024-01-31,GOOGL,150.45673068535152,151.41332077447865,149.2250944902364
2024-01-31,MSFT,403.08461349569797,404.61106328533145,399.3149307290994
2024-01-31,NVDA,63.403449951113544,64.15563488241978,62.47290850222759
2024-02-01,AAPL,182.1632762149515,183.190617394138,180.56936535482558
2024-02-01,AMZN,155.39010883173543,156.59588794958003,153.51275336884763
2024-02-01,GOOGL,139.15686423288037,140.07541876377547,137.86360209265456
2024-02-01,MSFT,390.9199567024397,392.30093933947796,387.0721580635016
2024-02-01,NVDA,61.679129214076255,62.30849307804607,60.490822211487945
2024-02-02,AAPL,184.7548284273547,185.7584404714242,183.24362893214303
2024-02-02,AMZN,159.82993688800457,161.06894829083683,157.9589113492737
2024-02-02,GOOGL,139.5646078873751,140.65685304983901,138.08046882084662
2024-02-02,MSFT,398.56966535272096,400.723011390997,394.82044572971347
2024-02-02,NVDA,63.18572659620817,63.88785985722026,62.19609953256231
2024-02-05,AAPL,183.21251471066913,184.62501401494978,181.49172394117775
2024-02-05,AMZN,172.7777540007918,174.37834518840666,170.6733569073894
2024-02-05,GOOGL,141.37009054979214,142.44119303128528,139.99400605833029
2024-02-05,MSFT,404.1622254630946,405.8580131133966,400.650971311357
2024-02-05,NVDA,66.75414732881947,67.51725235865244,65.60851098518926
2024-02-06,AAPL,186.13960475857365,187.29776717726924,184.72477558321924
2024-02-06,AMZN,170.87881347225232,172.0142970734136,168.78246084115352
2024-02-06,GOOGL,142.83292371972934,143.88468221150384,141.6266195593359
2024-02-06,MSFT,398.21213811246344,400.187151846109,394.7693813279685
2024-02-06,NVDA,69.44837422452932,70.20289582454629,68.28693683568184
2024-02-07,AAPL,187.52557763236814,188.41748907898435,185.7669709432508
2024-02-07,AMZN,169.54254520911854,170.96146171903368,167.73567766426544
2024-02-07,GOOGL,142.77229048245226,143.86455209653673,141.2231327852511
2024-02-07,MSFT,396.8226140640716,398.2139470152421,393.06090143169183
2024-02-07,NVDA,68.54773265416999,69.36564525713747,67.29028998328153
2024-02-08,AAPL,186.85303433652575,188.03196301555442,185.29482460846427
2024-02-08,AMZN,171.21665330904227,172.54656820032227,169.11493139945503
2024-02-08,GOOGL,144.39229271356126,145.57249538245523,142.4479834775236
2024-02-08,MSFT,407.2721342000982,409.4824498068823,403.7783100808433
2024-02-08,NVDA,70.58245952028007,71.39763288912073,69.45643620058733
2024-02-09,AAPL,186.51788145590555,187.72846997950188,184.9541175271591
2024-02-09,AMZN,169.94439353276167,171.36047390790216,167.84011661198358
2024-02-09,GOOGL,145.5141314295211,146.64511476490563,144.20992458477062
2024-02-09,MSFT,407.0473768190263,409.4114577486183,403.6352297154142
2024-02-09,NVDA,69.70787799639287,70.54313190847571,68.63703634494532
2024-02-12,AAPL,186.7448026487255,187.740725003912,185.13178554677978
2024-02-12,AMZN,174.57353239337044,175.73313024303644,172.64049124796745
2024-02-12,GOOGL,148.19330450377169,149.22916916723946,146.54434949967157
2024-02-12,MSFT,412.37855855270436,414.54240588134513,407.9777147751962
2024-02-12,NVDA,72.44150250870435,73.24857776379535,71.03012255350065
2024-02-13,AAPL,185.10107749098148,186.13677844091194,183.4805343946115
2024-02-13,AMZN,171.66440535645827,172.77068875336633,169.78544255702607
2024-02-13,GOOGL,146.72404613096344,148.0327304628055,145.4446065325898
2024-02-13,MSFT,407.93022900521055,409.04816275948787,404.1849150773785
2024-02-13,NVDA,72.45900153807955,73.28517986469973,71.27816867108136
2024-02-14,AAPL,183.028866996822,183.80552690864752,181.82663253785194
2024-02-14,AMZN,169.77562451636499,171.07258956061096,167.756548080702
2024-02-14,GOOGL,143.78883705011245,144.70776418966366,142.09967207285737
2024-02-14,MSFT,399.37858142122775,401.6692238839486,395.48977866526786
2024-02-14,NVDA,72.28796608218283,73.19783395284591,70.90502034663685
2024-02-15,AAPL,181.97519146171828,183.39205676942257,180.74895456280004
2024-02-15,AMZN,171.9779903509081,173.63478839323147,169.93097940564016
2024-02-15,GOOGL,145.29706273603622,146.52390946086305,143.51376062719464
2024-02-15,MSFT,401.9128913569289,403.863043326946,398.00765250662005
2024-02-15,NVDA,74.66851818342757,75.67569571526276,73.29577804892037
2024-02-16,AAPL,181.801171168744,183.2592461191876,180.20317927843797
2024-02-16,AMZN,170.06893671750177,171.56277091075,168.1282680357122
2024-02-16,GOOGL,142.19613983238494,143.49435683873486,140.62631533781595
2024-02-16,MSFT,399.7447011948826,401.8068016595612,395.8054188256712
2024-02-16,NVDA,72.95341096817796,73.9059631798613,71.56985344895404
2024-02-20,AAPL,180.22257896689055,181.15804424711064,178.56551293109214
2024-02-20,AMZN,169.9007694800804,170.99046173886367,167.77957398633242
2024-02-20,GOOGL,139.82897834483208,141.27023925291212,138.13079114365095
2024-02-20,MSFT,397.66668309660207,400.0705243735413,393.8906166969422
2024-02-20,NVDA,72.83504127416424,73.64841114393062,71.560251273855
2024-02-21,AAPL,179.5738872343791,180.81139730126174,178.0227450342664
2024-02-21,AMZN,167.47523657232838,168.70132279588495,165.39802933466157
2024-02-21,GOOGL,140.36913356052807,141.43673513283844,138.6753717268448
2024-02-21,MSFT,396.4879088889486,398.2014084541865,392.9857819743185
2024-02-21,NVDA,69.47013137494554,70.30756342025816,68.21164792820484
2024-02-22,AAPL,180.47794938745753,181.5877394817441,178.88890974883887
2024-02-22,AMZN,170.027883907603,171.4696109953806,168.18847080371773
2024-02-22,GOOGL,141.63484761627248,143.0313051663984,140.48276338374276
2024-02-22,MSFT,395.69444113416813,397.6644679418968,392.1335200363604
2024-02-22,NVDA,67.6629798366275,68.39626496533393,66.39311648091702
2024-02-23,AAPL,182.3794973166484,183.38331627810268,181.08142032019808
2024-02-23,AMZN,175.05599635704795,176.52322572905672,172.7931421427401
2024-02-23,GOOGL,142.49374598994078,143.47441512402014,140.94406045848405
2024-02-23,MSFT,404.9161597363557,406.936056436777,401.7554794802922
2024-02-23,NVDA,79.03029275366563,80.04678719906786,77.26843970688965
2024-02-26,AAPL,180.85453997388385,182.09477414223903,179.27863452846776
2024-02-26,AMZN,175.01649391000436,176.68167977021372,172.88288911628177
2024-02-26,GOOGL,142.64037437224167,143.82237743445862,140.86094224510936
2024-02-26,MSFT,404.60880775196415,406.4254120713414,401.08913989774135
2024-02-26,NVDA,78.92186825633176,80.11939351928447,77.67456410217991
2024-02-27,AAPL,178.9296693111766,180.10713231878356,177.34067442904947
2024-02-27,AMZN,175.9508733427905,177.47441188889098,173.83429873904404
2024-02-27,GOOGL,136.54681384764518,137.64441569740939,135.4053193182445
2024-02-27,MSFT,400.2662619678145,402.68476760714117,396.7199776511745
2024-02-27,NVDA,79.08031979702092,80.14265125387365,77.4375612550186
2024-02-28,AAPL,180.65596598139498,181.6533351630912,179.6270790548937
2024-02-28,AMZN,174.68305608954032,175.8518359263306,172.61058393751517
2024-02-28,GOOGL,138.3411391228392,139.2504171635674,136.78366899795907
2024-02-28,MSFT,400.2712520032831,402.6432646433225,396.3334371306817
2024-02-28,NVDA,79.4169877430304,80.43529383369862,77.8168769866472
2024-02-29,AAPL,178.9347516295963,180.19940525921106,177.39849439274423
2024-02-29,AMZN,173.82873207635416,175.236087404878,171.7196055075366
2024-02-29,GOOGL,134.84047654194265,135.69691191121424,133.43416562218817
2024-02-29,MSFT,400.95705597887235,402.9858816431636,397.8973033405372
2024-02-29,NVDA,78.13162853791343,78.94543136573321,76.39351208327093
2024-03-01,AAPL,178.52608163778146,179.47904557215253,177.18208283516853
2024-03-01,AMZN,176.29607624601564,177.7983512506669,174.45266741920636
2024-03-01,GOOGL,137.6950512986952,138.95248631112355,136.21296703908854
2024-03-01,MSFT,407.3077860558099,409.3658814069752,403.89362596746065
2024-03-01,NVDA,79.44147852310614,80.46507994650403,77.71269094048557
2024-03-04,AAPL,177.73746452640194,178.9072940012602,176.48067967653793
2024-03-04,AMZN,177.9471311406447,179.206204639099,175.74888605251124
2024-03-04,GOOGL,135.4235643904525,136.28935353666841,134.0504579979223
2024-03-04,MSFT,408.0271657334461,410.3530146685586,404.5466612376299
2024-03-04,NVDA,83.5234674811326,84.39845875486651,81.77096587004031
2024-03-05,AAPL,172.97589135368085,173.94422219688735,171.57409017784093
2024-03-05,AMZN,177.73326093291502,179.06991395478406,175.78449172025694
2024-03-05,GOOGL,132.78152898678766,134.26680783054175,131.4267743596885
2024-03-05,MSFT,408.97750399588955,411.4221716907998,406.03352305292026
2024-03-05,NVDA,84.99990769488436,86.0903061336902,83.38654641933127
2024-03-06,AAPL,167.98415000934145,169.02556423697442,166.53016513225538
2024-03-06,AMZN,174.5325497686536,176.23162208336393,172.57526581633857
2024-03-06,GOOGL,131.67575390653437,132.51590299638806,130.29821894348333
2024-03-06,MSFT,395.8532579891122,397.53574834512165,392.92954522231804
2024-03-06,NVDA,87.25622914875777,88.46989529704457,85.74241521430643
2024-03-07,AAPL,167.24413652054577,168.2434415130808,165.73687524846227
2024-03-07,AMZN,175.0638476203802,176.7816779866369,173.31246995580537
2024-03-07,GOOGL,129.85689450197714,130.80369132232323,128.48597258297758
2024-03-07,MSFT,395.2673783734543,397.7166522372291,391.63813690489593
2024-03-07,NVDA,89.08734244434027,90.11945091519183,87.53924876831512
2024-03-08,AAPL,166.77300809686213,167.9046284587712,165.491436108465
2024-03-08,AMZN,176.80232384925387,178.1433359286397,174.70687918913663
2024-03-08,GOOGL,133.16639425387334,134.39315709881149,131.84417701070268
2024-03-08,MSFT,402.4494544768854,404.59536016818686,398.8733687768527
2024-03-08,NVDA,93.12087434279721,94.13215279707168,91.11642295855611
2024-03-11,AAPL,168.3235015184433,169.6452308262164,167.0244966442675
2024-03-11,AMZN,175.8222210339537,177.18122326526793,173.88645137252323
2024-03-11,GOOGL,134.58079185817405,135.79921484545167,133.29088803425176
2024-03-11,MSFT,399.36320708655893,401.85480912662115,396.1700802478622
2024-03-11,NVDA,87.25213335784366,88.78721442895232,85.56836620599903
2024-03-12,AAPL,170.73860666054452,172.02507807184261,169.53249137258607
2024-03-12,AMZN,172.17359132637517,173.67365892944824,170.22401245472943
2024-03-12,GOOGL,136.13130997633215,137.32745200558605,134.7011585035736
2024-03-12,MSFT,398.14246964611135,401.2293689365912,394.4027741434933
2024-03-12,NVDA,85.7393689710335,86.84541661014495,84.05434146250657
2024-03-13,AAPL,171.04856390326282,172.38298448502337,169.8024039374299
2024-03-13,AMZN,175.3147959934716,176.73970019579394,173.43157338169001
2024-03-13,GOOGL,137.55089801439124,139.08447608690267,136.09959361956115
2024-03-13,MSFT,407.5093798727223,409.4797887840718,403.6624164918943
2024-03-13,NVDA,92.78123653856636,94.72011101976445,90.81366588772973
2024-03-14,AAPL,168.44507282267148,169.58149264957558,167.3454600343707
2024-03-14,AMZN,177.00127353282525,178.55557727574046,175.29793910508576
2024-03-14,GOOGL,138.2412150039735,139.1792524232022,136.89383988062468
2024-03-14,MSFT,408.73042951643816,411.0299318761382,405.1228458307287
2024-03-14,NVDA,90.958215481475,92.37320283643139,89.07298611628273
2024-03-15,AAPL,170.54627414049742,171.7288703083246,169.1284416062859
2024-03-15,AMZN,178.8132675622854,180.1883757912601,176.6659479202437
2024-03-15,GOOGL,142.0333169354651,143.01242581961216,140.5485431054441
2024-03-15,MSFT,418.33552749623414,420.7614782702579,414.7532780003853
2024-03-15,NVDA,87.72381016187401,88.52396524535578,86.04960734876421
2024-03-18,AAPL,170.43780187008684,171.73722480397544,168.94578680125446
2024-03-18,AMZN,174.17950732856514,175.62039152908548,172.35920593064867
2024-03-18,GOOGL,139.7865309819142,140.88591202284505,138.5527143065257
2024-03-18,MSFT,410.59762544350906,413.3010689765119,406.9297047397347
2024-03-18,NVDA,88.49662920245513,89.67288021647153,86.40468169646485
2024-03-19,AAPL,171.60124735642188,172.84630950726995,170.35369974534564
2024-03-19,AMZN,174.3511598844347,175.8941846758924,172.83544563414046
2024-03-19,GOOGL,146.35742187711034,147.81129407676727,145.24062889139043
2024-03-19,MSFT,410.80607733819164,413.19943206542075,407.5746909615578
2024-03-19,NVDA,88.2146412963873,89.9066559393349,86.35488586220012
2024-03-20,AAPL,173.59613506745436,174.91810585262445,172.04202628690777
2024-03-20,AMZN,175.1427974546918,176.63585048432228,173.426708262946
2024-03-20,GOOGL,145.80129858285807,146.92589296397668,144.27265113499038
2024-03-20,MSFT,415.02273749964473,417.1165011194235,411.3915270139294
2024-03-20,NVDA,90.55043946305874,91.44988730568761,88.84860210695786
2024-03-21,AAPL,176.47306348520112,177.76075224308912,175.19408413992164
2024-03-21,AMZN,178.93527074480522,180.34122290818343,177.22457687153957
2024-03-21,GOOGL,147.60194176740893,148.59908003396745,146.30537169475969
2024-03-21,MSFT,418.14629995086085,420.06161813348564,414.4351965077936
2024-03-21,NVDA,89.45644148544156,90.59533950496544,87.38558111999124
2024-03-22,AAPL,169.05046187944856,170.17429995933395,167.71612205725245
2024-03-22,AMZN,178.48207322735948,179.85293237085966,176.60826431102632
2024-03-22,GOOGL,146.04642311957485,147.19291238874445,144.62408837903425
2024-03-22,MSFT,422.61449287451865,424.58372964151016,418.42951208764754
2024-03-22,NVDA,91.95639516244609,93.92007219813897,89.58509405442612
2024-03-25,AAPL,169.76080851247582,171.10179741257352,168.1651260260842
2024-03-25,AMZN,179.45806732641793,180.72772456129596,177.48713460268723
2024-03-25,GOOGL,148.98625557259834,150.0559732388831,147.3981164581977
2024-03-25,MSFT,422.91161340404346,424.7978903662656,418.9566832425061
2024-03-25,NVDA,95.14740470976578,96.74883452071501,92.98700172648519
2024-03-26,AAPL,168.45838226809326,170.0156860100402,166.78344935881182
2024-03-26,AMZN,180.11215043997663,181.3694087456649,178.3952078714351
2024-03-26,GOOGL,148.77376738689165,150.06090062378908,147.1031101231543
2024-03-26,MSFT,416.43548421970996,418.980083997186,413.123329534523
2024-03-26,NVDA,96.18661001527693,97.55671121014923,93.80835403329652
2024-03-27,AAPL,167.1337613449678,168.32853767336147,165.5875673221721
2024-03-27,AMZN,178.49540107100034,180.2331155313571,176.44482098029735
2024-03-27,GOOGL,149.97224465236204,151.3179638467114,148.43613279460234
2024-03-27,MSFT,414.62518424685607,417.15427386786865,410.961222005392
2024-03-27,NVDA,93.2667564355041,94.37059989945304,91.12037561405268
2024-03-28,AAPL,171.76712474072758,173.13804975422698,170.33466863531808
2024-03-28,AMZN,180.3820859423129,181.92302821315354,178.402843531835
2024-03-28,GOOGL,149.42308937351612,150.5594989251189,147.91740638992053
2024-03-28,MSFT,413.82066720627904,416.254819950329,410.2923962750438
2024-03-28,NVDA,90.55755765915997,92.38791192755208,88.38531077522968
2024-04-01,AAPL,169.35776176435894,170.45509548470662,168.2063618525758
2024-04-01,AMZN,180.857845447399,182.17448913412596,178.683331936459
2024-04-01,GOOGL,150.80351989484487,152.25382892913478,149.27015628679086
2024-04-01,MSFT,414.4709264950558,417.1696837234406,410.52810547703876
2024-04-01,NVDA,91.48076822854257,93.35052446880178,89.24413940771213
2024-04-02,AAPL,168.67556240939672,169.85391349080564,167.1946810185216
2024-04-02,AMZN,181.33055998288077,182.92826300458051,179.2271547295927
2024-04-02,GOOGL,154.7273829730695,155.86567564158102,153.0897580734947
2024-04-02,MSFT,419.3805385489951,421.38100070785384,415.6839780445213
2024-04-02,NVDA,90.60184665266154,92.06941890318474,88.22437399051141
2024-04-03,AAPL,166.79723620018024,168.06238147192363,165.52512166353756
2024-04-03,AMZN,181.37030944082557,182.55797400542247,179.22263890209842
2024-04-03,GOOGL,153.20258857975304,154.46183427135932,151.44552535280516
2024-04-03,MSFT,415.12752771679453,417.23998174678934,411.4240895268138
2024-04-03,NVDA,90.235781502873,91.83766248697451,87.80939156372033
2024-04-04,AAPL,167.71862901368908,168.4368997622229,166.22141688095198
2024-04-04,AMZN,183.08990574469533,184.44840073139173,181.03310915129663
2024-04-04,GOOGL,153.20130234593816,154.06691462956024,151.46172244777102
2024-04-04,MSFT,414.51088421207265,416.55225670779174,411.35911517206733
2024-04-04,NVDA,89.78143001559943,90.89008823512714,87.41036813484807
2024-04-05,AAPL,167.25689678640947,168.69678097915366,165.92207891904562
2024-04-05,AMZN,180.5025546089245,182.09730862917266,178.73205574343285
2024-04-05,GOOGL,149.01833760745075,149.94654371248353,147.28387779850763
2024-04-05,MSFT,410.96777768239554,413.3882847548388,407.01632083036
2024-04-05,NVDA,86.92484948930922,88.18360375362981,85.01085391794672
2024-04-08,AAPL,167.60930398054953,168.87589331082114,166.28857725237648
2024-04-08,AMZN,186.13394755387733,187.78963856942786,184.14800810993225
2024-04-08,GOOGL,151.4430265297572,152.8398373481473,149.96786388766293
2024-04-08,MSFT,418.7054331629595,421.0977410054606,414.6780064443605
2024-04-08,NVDA,88.56903461087298,89.62457470729336,86.54183972772643
2024-04-09,AAPL,166.94236641898604,168.45158478987074,165.58235640212462
2024-04-09,AMZN,185.81671970340923,187.0875935670519,183.82346592231093
2024-04-09,GOOGL,152.957216211788,154.10391104043262,151.51043662703063
2024-04-09,MSFT,418.11830456312526,420.13173622101505,414.68570140184977
2024-04-09,NVDA,86.95120816254204,88.36288123045328,85.08384137709747
2024-04-10,AAPL,168.0596442419395,169.35073278887452,166.89270807110398
2024-04-10,AMZN,186.32152978802205,187.97677930789385,184.57791278140374
2024-04-10,GOOGL,155.43569901711282,156.56169233541686,153.82088214479714
2024-04-10,MSFT,420.39408513997677,422.85507656298387,416.9952689059561
2024-04-10,NVDA,85.8227784690778,87.34072278340011,83.99020413434454
2024-04-11,AAPL,166.07117843228505,167.24374840186354,164.8764157710201
2024-04-11,AMZN,186.37855440248538,188.0837456920631,184.41434502704357
2024-04-11,GOOGL,155.14894260875897,156.44194170679506,153.65449384435456
2024-04-11,MSFT,416.18269951383957,418.4338823072709,412.8027501016809
2024-04-11,NVDA,87.63801446683209,89.39795035596508,85.49744290857682
2024-04-12,AAPL,173.30415550996045,174.6916865153859,172.07388435405255
2024-04-12,AMZN,189.72718619216792,191.43347624418962,187.70649384416848
2024-04-12,GOOGL,158.67505659970945,159.59769993168587,156.99052365896225
2024-04-12,MSFT,420.26529259926144,423.1646023235938,416.19508178073283
2024-04-12,NVDA,91.14568293706006,92.89400380321014,89.19250559101542
2024-04-15,AAPL,174.94408943440672,176.26464639535615,173.7886307691468
2024-04-15,AMZN,186.56384902206847,187.96150862518056,184.5920823443791
2024-04-15,GOOGL,156.46113352343116,157.72974214809565,154.73141020923376
2024-04-15,MSFT,415.17945345881174,418.0153670577946,411.4959185000114
2024-04-15,NVDA,88.34087584564381,89.80467115718928,86.51275348838135
2024-04-16,AAPL,170.84172269370137,172.39998036034441,169.4021066962783
2024-04-16,AMZN,183.97177139034775,185.17908087662232,181.8321470344816
2024-04-16,GOOGL,154.14585331648723,155.33438826680444,152.5279628717106
2024-04-16,MSFT,407.8936062230112,409.84856256835434,404.1832979546016
2024-04-16,NVDA,86.17074170921732,87.64753625142075,84.17032938650553
2024-04-17,AAPL,167.37657730435447,168.68580304197417,166.03601562701076
2024-04-17,AMZN,183.46818412424525,185.10670221330557,181.2005106951559
2024-04-17,GOOGL,153.34724848243582,154.55355488990025,151.68293537861567
2024-04-17,MSFT,407.7545324133744,410.25333045564486,404.3515745799418
2024-04-17,NVDA,87.8349928011537,89.58397404125226,86.07963487607762
2024-04-18,AAPL,166.06560793468725,167.10791678060892,164.7110577966287
2024-04-18,AMZN,181.2322057608863,182.66177966101347,179.30134119724622
2024-04-18,GOOGL,153.95999776329523,155.24942023277532,151.962012364942
2024-04-18,MSFT,405.4511905326798,408.02490364988284,402.3305591488856
2024-04-18,NVDA,84.36998954934667,85.76917466637049,82.46304212868455
2024-04-19,AAPL,165.54593572383135,167.06259996635927,164.6839968822927
2024-04-19,AMZN,179.3579677687325,180.80551343231323,177.5034856358879
2024-04-19,GOOGL,154.3726519781583,155.90826145523928,153.0069634083411
2024-04-19,MSFT,397.6981440521687,400.0881897589298,393.98727487942926
2024-04-19,NVDA,85.20974260871641,87.06941101345276,83.30412542789105
2024-04-22,AAPL,162.66114620114587,164.38470971028053,161.13484448327674
2024-04-22,AMZN,175.35671080110626,176.88513855299712,173.54764485006427
2024-04-22,GOOGL,152.77057455850533,154.00510735681607,151.2351303093996
2024-04-22,MSFT,392.1022461157497,395.0198961242547,388.8396384484372
2024-04-22,NVDA,75.91661575788417,77.39856576241235,74.36691318417273
2024-04-23,AAPL,163.42255468400435,164.75699755590216,161.79200295591497
2024-04-23,AMZN,178.0415407185589,179.5718483892582,176.2674305983669
2024-04-23,GOOGL,155.51966547251234,156.79181979478588,153.8491367630135
2024-04-23,MSFT,393.16321559987955,395.3964626487485,390.11391404847365
2024-04-23,NVDA,80.43296670775038,81.99693317664104,78.66600034249394
2024-04-24,AAPL,165.07458530360776,166.37068502437631,164.01738165064756
2024-04-24,AMZN,180.16203580071104,181.55017946196486,178.06394881448264
2024-04-24,GOOGL,157.03196401976373,158.2714868938292,155.35967984081802
2024-04-24,MSFT,401.18053119478606,403.76544250677944,397.86749269083896
2024-04-24,NVDA,82.84608661271469,84.34941485313162,81.09131976149172
2024-04-25,AAPL,166.95447249580724,168.39223083343575,165.84240901305307
2024-04-25,AMZN,176.0698075208765,177.72056271433672,173.92591209155083
2024-04-25,GOOGL,158.11868417142045,159.386840575006,156.44679641022853
2024-04-25,MSFT,400.9584693442617,403.8383928899716,397.57014264523
2024-04-25,NVDA,80.15761920082637,81.56724184940963,78.46634244410575
2024-04-26,AAPL,167.507941448794,168.82957676811395,165.99796321206213
2024-04-26,AMZN,173.82471484655275,175.07511357396803,171.98071707459377
2024-04-26,GOOGL,154.8014015787372,155.90707736868848,153.0176237362866
2024-04-26,MSFT,391.3137452201727,393.8110584037619,388.364760515147
2024-04-26,NVDA,83.0347114749834,84.79873465578625,80.86513153420353
2024-04-29,AAPL,167.47046865290403,168.79604068793242,165.96777569413138
2024-04-29,AMZN,179.56349860230944,181.14109405640505,177.8192281549531
2024-04-29,GOOGL,171.32808223636428,172.71359869424984,169.5452903077903
2024-04-29,MSFT,399.24330405661027,401.65486724046013,395.4547654230832
2024-04-29,NVDA,88.53491595704548,90.5337096214543,86.18088427594306
2024-04-30,AAPL,171.55462799815052,173.16601618125054,170.12360657454502
2024-04-30,AMZN,181.59514237209976,183.48356899183068,178.9210619580159
2024-04-30,GOOGL,165.4552738265161,166.8312656797484,163.36310072840055
2024-04-30,MSFT,395.2686715402632,397.6890690425674,391.95062024043057
2024-04-30,NVDA,87.42367645819601,89.71148245975581,85.07308483847139
2024-05-01,AAPL,169.0183343654405,170.4979233944894,168.02288490368335
2024-05-01,AMZN,174.97587893855047,176.38782859947506,172.8956462088053
2024-05-01,GOOGL,161.6220435100206,162.95080101695288,160.07619678217716
2024-05-01,MSFT,382.1682896735936,383.9887422072043,378.8836482469246
2024-05-01,NVDA,86.38281319942692,88.57008210478335,84.16253522895374
2024-05-02,AAPL,168.04394809082538,169.54665851931188,166.94329793981962
2024-05-02,AMZN,178.67376160844515,180.4521693878404,176.3894676901384
2024-05-02,GOOGL,161.83388763293195,163.3466585795358,160.39609544374355
2024-05-02,MSFT,388.6179008120818,391.05084872155,384.97332010515316
2024-05-02,NVDA,82.8182141209362,84.90245966197223,81.4058947009988
2024-05-03,AAPL,171.5969826981323,173.36963433826998,170.5267885319705
2024-05-03,AMZN,185.39535216609346,187.0633473827825,183.38670552540034
2024-05-03,GOOGL,164.5866795644325,165.91404909136386,162.7298965311498
2024-05-03,MSFT,389.6955267264392,392.21289443485745,386.1131474215836
2024-05-03,NVDA,85.96076489643865,88.08679722678403,83.80354996612199
2024-05-06,AAPL,181.23554264047016,183.0234611284019,179.90138233080904
2024-05-06,AMZN,186.07639019536182,187.89232243147816,183.88422847586713
2024-05-06,GOOGL,166.20205686822018,167.61483046153214,164.1805241937467
2024-05-06,MSFT,399.09034065712353,402.0691238365526,395.83545436356593
2024-05-06,NVDA,88.68848891342249,90.21374000890624,86.46282609792739
2024-05-07,AAPL,180.7616190540612,182.4962057756001,179.31594336608921
2024-05-07,AMZN,188.81045418947437,190.54124879756765,186.86877124918962
2024-05-07,GOOGL,167.26559143581468,168.43686420318338,165.49481428439213
2024-05-07,MSFT,408.3817003134748,411.0146658638682,405.0485530637151
2024-05-07,NVDA,92.05007838279523,94.34048660196649,89.92139354552545
2024-05-08,AAPL,180.68183999218206,182.40693787834553,179.1878550800801
2024-05-08,AMZN,189.11100482142766,190.66192729720612,186.85429268621502
2024-05-08,GOOGL,169.89745259864236,171.20679146816602,167.7122169018342
2024-05-08,MSFT,402.2322289095741,404.62689078243466,398.57677451583896
2024-05-08,NVDA,91.31101882883509,93.36107910607626,89.04074165483034
2024-05-09,AAPL,180.70540961963925,182.36255286030683,179.5144301410844
2024-05-09,AMZN,188.56775127992748,190.7649638387759,186.47370621853503
2024-05-09,GOOGL,168.52051179400422,169.9453591369128,166.57474117859627
2024-05-09,MSFT,404.9627864220056,408.66313844012745,401.71426731817854
2024-05-09,NVDA,89.93541819617069,91.88799460736541,87.93409813420233
2024-05-10,AAPL,183.01285649124367,184.58179219091056,181.5554702566656
2024-05-10,AMZN,189.71704116131554,191.2128656297386,187.25863306687157
2024-05-10,GOOGL,168.8937052796241,170.15353120312201,167.17215324576586
2024-05-10,MSFT,405.3206192790064,408.3918552365373,401.44266627623006
2024-05-10,NVDA,89.89924598281725,91.6320923239439,87.73489203162286
2024-05-13,AAPL,181.3663274916422,183.45459165578424,179.9528407257305
2024-05-13,AMZN,187.4546578364734,189.0084209654726,185.07971153069744
2024-05-13,GOOGL,168.1975056371379,169.73892364634284,166.05236089582982
2024-05-13,MSFT,406.436079684807,408.7100768681212,402.404160679283
2024-05-13,NVDA,90.80495748757797,92.60185171997301,88.4735294918678
2024-05-14,AAPL,185.0046704924611,186.7534422007146,183.89237414317978
2024-05-14,AMZN,186.66076025360778,189.01363240217594,184.6422754759492
2024-05-14,GOOGL,167.69621865571332,169.4622988851054,165.58264578859362
2024-05-14,MSFT,406.4856657191076,409.08251770117096,403.5481619590609
2024-05-14,NVDA,90.27436251944108,91.95960933228321,87.98309557623423
2024-05-15,AAPL,185.60027447481895,187.30677495379808,184.14609065315778
2024-05-15,AMZN,187.5434287464873,189.34244529659577,185.38832237058656
2024-05-15,GOOGL,169.02321884230074,170.69348162319747,167.05809357831524
2024-05-15,MSFT,409.2976108493449,412.233722899219,406.5925048899409
2024-05-15,NVDA,91.79794360963704,93.88658941489653,89.46306011772774
2024-05-16,AAPL,188.13458594098236,190.00740759787558,186.66896719661497
2024-05-16,AMZN,186.00105061280448,188.387336760399,183.71518622269645
2024-05-16,GOOGL,172.20257409709177,173.89000826892993,170.13594400279285
2024-05-16,MSFT,416.8536977568419,418.9464617323825,413.4264575933079
2024-05-16,NVDA,95.01665015142586,97.35699615849134,92.54258481174136
2024-05-17,AAPL,187.9381867028815,189.82832068689592,186.44815415491382
2024-05-17,AMZN,183.3242651655521,184.91577946812546,181.02018079295186
2024-05-17,GOOGL,173.75588126694117,175.09744126329542,171.5590167042971
2024-05-17,MSFT,414.79691256434734,417.0563732666135,411.1318036504272
2024-05-17,NVDA,94.13029664400004,96.1290627038059,91.77617182869261
2024-05-20,AAPL,188.91258781401376,191.03011110357218,187.50963968014656
2024-05-20,AMZN,185.14067761564266,186.602273655703,183.14815390072593
2024-05-20,GOOGL,174.44204169238063,175.9805888383019,172.08958426589564
2024-05-20,MSFT,413.4642511855752,416.24049098749214,409.95952322060157
2024-05-20,NVDA,92.7801179320308,94.72730846737204,90.69009530309617
2024-05-21,AAPL,190.26422601999246,192.26332987812674,188.93166778446476
2024-05-21,AMZN,183.15401816203953,184.93424749506596,181.21946851742277
2024-05-21,GOOGL,176.02916032602877,177.4529668213712,174.1641062281335
2024-05-21,MSFT,418.5688708106756,421.37943589920434,414.9496451666896
2024-05-21,NVDA,94.77195534109327,96.46561576354883,92.54785107608396
2024-05-22,AAPL,191.10592659367512,192.6887922824436,189.78182572824974
2024-05-22,AMZN,182.7517746841283,184.55353997980978,180.49456824425945
2024-05-22,GOOGL,176.63615500417782,178.19464341804567,174.6130722113603
2024-05-22,MSFT,422.75595255151603,425.6403926093046,418.93008185688774
2024-05-22,NVDA,95.94102086832555,97.89152011455639,93.971741968037
2024-05-23,AAPL,189.10677018350125,190.6945612859505,187.85932630705724
2024-05-23,AMZN,183.28407350883444,185.02265520167848,181.2159736462746
2024-05-23,GOOGL,174.84031239193905,176.7192093008417,172.8569628461326
2024-05-23,MSFT,423.9686681760278,426.63511045055424,420.19371006679967
2024-05-23,NVDA,94.99823206688036,96.88467323819708,92.96083302109251
2024-05-24,AAPL,185.07654466266405,186.73441290440172,184.0017311835044
2024-05-24,AMZN,180.6128325034279,182.9831718187392,178.33989819908453
2024-05-24,GOOGL,172.69182177434587,174.37147181146392,170.40917346247323
2024-05-24,MSFT,420.2871193282584,422.6373600929442,416.96051332658584
2024-05-24,NVDA,104.0703621550727,106.17710077952643,101.7245445381222
2024-05-28,AAPL,187.92349816413412,189.76178008317868,186.5403510839629
2024-05-28,AMZN,180.6856759130905,183.10560720600105,178.68394305556882
2024-05-28,GOOGL,174.15896794305309,175.4560550975858,172.22066597374766
2024-05-28,MSFT,423.2139603488438,426.3011096646428,419.28188231531925
2024-05-28,NVDA,107.05267356671122,109.23252048258536,104.63833090651475
2024-05-29,AAPL,188.01945613569762,189.8697266601348,186.72711778687977
2024-05-29,AMZN,181.7413459026102,183.20286245616046,179.52155619624145
2024-05-29,GOOGL,175.75870584551566,177.22547648987302,173.6078396247279
2024-05-29,MSFT,423.5696788404977,426.99661815310185,419.7541672566041
2024-05-29,NVDA,113.95722128422469,116.61139798878527,111.20966294362773
2024-05-30,AAPL,188.5393765591996,190.36435399262527,187.39998496705698
2024-05-30,AMZN,182.09144478655364,184.19064113230354,179.79638625409657
2024-05-30,GOOGL,175.13724687301192,176.3816375186795,172.98031074244994
2024-05-30,MSFT,421.39908622225533,425.2368655046013,417.33826493546394
2024-05-30,NVDA,114.99614633701975,117.80355977207965,112.40935239938717
2024-05-31,AAPL,189.63785205951731,191.52590954513434,188.31631580991603
2024-05-31,AMZN,179.72941777180006,181.66833223659287,177.82574811666274
2024-05-31,GOOGL,171.30803497603975,172.75120260572535,169.48615045928173
2024-05-31,MSFT,409.2490596780891,412.6412679702798,405.93771466099923
2024-05-31,NVDA,110.12157497999125,112.61627536686088,107.30834857601432
2024-06-03,AAPL,190.67001367658088,192.7595946532239,189.34221647960317
2024-06-03,AMZN,176.30049916129525,178.0495053778455,174.2135135711395
2024-06-03,GOOGL,171.96227697906838,173.41804903322426,169.89818223664838
2024-06-03,MSFT,407.22313259958463,410.1366446804006,403.8687368238494
2024-06-03,NVDA,109.82087487380157,112.2848185218268,107.35027411235856
2024-06-04,AAPL,193.0640778042012,194.86079227243485,191.73716917505516
2024-06-04,AMZN,178.0842647148009,179.9483882023142,176.1793279005814
2024-06-04,GOOGL,172.33830261942995,173.71417671734056,170.40944715411536
2024-06-04,MSFT,406.5128513537122,409.2907301362407,402.5321684555277
2024-06-04,NVDA,115.70651416892309,118.68102365536161,112.86290301740057
2024-06-05,AAPL,192.97147946379062,194.6674718495294,191.72194857362217
2024-06-05,AMZN,179.28437616909116,181.36668550696396,177.07878035461445
2024-06-05,GOOGL,173.08512183894547,174.4233599390248,171.03207212549387
2024-06-05,MSFT,409.4634749297575,411.4666156277336,405.9822870095713
2024-06-05,NVDA,116.9239087094854,119.06661959956193,114.22185615097506
2024-06-06,AAPL,194.67539340404224,196.4606471658574,193.25001237981553
2024-06-06,AMZN,181.3421234478119,183.03742402748188,179.4421143827783
2024-06-06,GOOGL,174.83181035226835,176.50107469106499,172.56641441791902
2024-06-06,MSFT,416.78389512140126,420.1315878577152,412.9397547408473
2024-06-06,NVDA,122.56049788689513,125.1233431904108,119.64476149755079
2024-06-07,AAPL,192.94185845051254,194.47769129145283,191.39152381836288
2024-06-07,AMZN,185.33890879104555,186.9057574737751,183.41709598213
2024-06-07,GOOGL,175.85290639193843,177.37232637857838,173.90362345640162
2024-06-07,MSFT,419.06523531313957,421.32047014864224,415.2139412502872
2024-06-07,NVDA,121.12465013582117,123.33424950689495,118.22646054330336
2024-06-10,AAPL,194.97610723080754,196.58463650061108,193.2541523004789
2024-06-10,AMZN,184.64768145273553,186.5124042213127,182.5932947080568
2024-06-10,GOOGL,173.3436318796369,174.8862742525682,171.30882060904185
2024-06-10,MSFT,416.8624441143464,419.9108652316224,413.89581911664254
2024-06-10,NVDA,121.37859242009606,123.45882266764845,118.68883634827145
2024-06-11,AAPL,191.38692378374571,193.05333863030486,189.8918617398301
2024-06-11,AMZN,186.6405723777084,188.31362999114248,184.61341731337527
2024-06-11,GOOGL,174.1550816355744,175.74991348564572,172.05002981977384
2024-06-11,MSFT,421.88958648656046,424.32598822660543,418.34525162513165
2024-06-11,NVDA,121.98699566624653,124.39756203478002,118.956039215221
2024-06-12,AAPL,205.07434221619965,207.0413779536426,203.4262512197344
2024-06-12,AMZN,187.84165628737676,189.73523076130968,185.49492539007926
2024-06-12,GOOGL,176.25858844711897,177.7300981093558,174.23230789670032
2024-06-12,MSFT,427.713377591134,430.8056619038766,424.3316377638907
2024-06-12,NVDA,121.41068372944437,123.53754689729362,118.55860785292745
2024-06-13,AAPL,211.33217205579848,213.05039373581042,209.66117420082622
2024-06-13,AMZN,186.98010224545607,188.32399676580832,184.82915105347817
2024-06-13,GOOGL,176.3540026318057,177.5843547534001,174.01553682773607
2024-06-13,MSFT,434.43571985580843,436.8136531807295,431.168003613049
2024-06-13,NVDA,125.6620518419958,128.04132359149375,122.7312208924737
2024-06-14,AAPL,212.11257844915474,213.78874816799438,210.09271163270722
2024-06-14,AMZN,184.01242472396007,185.79226711464665,182.137731110698
2024-06-14,GOOGL,174.05438357727084,175.25651256235588,172.1264995886422
2024-06-14,MSFT,434.7449930933399,437.81711348573236,430.96646329090476
2024-06-14,NVDA,130.28589891246727,133.16696863633106,127.57667514069911
2024-06-17,AAPL,211.35779036558907,213.1321298404013,209.63836516309735
2024-06-17,AMZN,183.4318150701912,185.37065466253043,181.27135569948868
2024-06-17,GOOGL,176.0830153519595,177.36368085088833,174.0144627588625
2024-06-17,MSFT,436.22857969109674,439.0451910480476,432.5602974056806
2024-06-17,NVDA,131.86408165668843,134.53207652821695,129.04808841298686
2024-06-18,AAPL,215.64419129181707,217.33245907342027,213.47874120525287
2024-06-18,AMZN,184.18113452826708,186.0637605110435,181.94537757582495
2024-06-18,GOOGL,176.08894109864949,177.55091075937943,173.94926287609738
2024-06-18,MSFT,441.1592312246519,444.45332850112715,437.64580619155447
2024-06-18,NVDA,131.34269077150267,133.76316362099777,128.52899344335975
2024-06-20,AAPL,213.55887449178454,215.83715442060517,211.66456789018605
2024-06-20,AMZN,182.59753107805767,184.2107943773225,180.65521117282117
2024-06-20,GOOGL,174.12450013968265,175.58280129731375,172.14327176101932
2024-06-20,MSFT,438.46332057788766,441.07932680104204,434.5755335915076
2024-06-20,NVDA,135.5918918834473,138.1771968059572,132.4677177598005
2024-06-21,AAPL,208.03124293834423,210.10359282239446,206.7029699515721
2024-06-21,AMZN,186.3862728466336,188.09668955507126,184.24559679355394
2024-06-21,GOOGL,175.36351794188755,176.7270439831282,173.50094868628895
2024-06-21,MSFT,438.96463769455806,442.3046715708303,434.8243154168512
2024-06-21,NVDA,131.0206720388723,133.31214934192033,128.24144831276698
2024-06-24,AAPL,205.8174006896266,207.84860838831653,204.28709434951475
2024-06-24,AMZN,189.4422779991101,191.27658228275283,187.0758777785639
2024-06-24,GOOGL,178.50996321743287,179.8176858776884,176.38229910887853
2024-06-24,MSFT,442.1667660103762,444.7085662459519,437.83423582989536
2024-06-24,NVDA,126.95247468727875,129.5329886848189,123.67974301596499
2024-06-25,AAPL,207.18563072986856,209.39713010801955,206.23582706573885
2024-06-25,AMZN,186.12283976953358,188.14224158943316,184.05642248562953
2024-06-25,GOOGL,178.7673460907864,180.17709339076723,176.72147355038305
2024-06-25,MSFT,440.548260538439,443.32638086951454,436.162791281053
2024-06-25,NVDA,118.15855152438884,120.77324680648103,115.37492063489817
2024-06-26,AAPL,206.88239064456457,208.86610297103107,204.70163884980312
2024-06-26,AMZN,186.674504983621,188.2489729497724,184.32204929513478
2024-06-26,GOOGL,183.35768067385294,184.9184686551482,181.2065644091525
2024-06-26,MSFT,443.9603951942228,447.04539992877073,439.748290164101
2024-06-26,NVDA,126.52747596575095,128.60526914093114,123.88949840793778
2024-06-27,AAPL,211.6789504410642,213.69646698798877,210.1044563232981
2024-06-27,AMZN,193.33007094387617,195.0505331619261,191.45892913705168
2024-06-27,GOOGL,182.82842817066995,184.09357545117837,180.8541201574372
2024-06-27,MSFT,445.24342552336344,448.04632378908735,441.2664341072277
2024-06-27,NVDA,127.03024458763575,129.22406811519838,123.8610787871477
2024-06-28,AAPL,212.7059064205223,214.73615226289309,210.6904053945243
2024-06-28,AMZN,198.0321269299938,199.98043485373185,195.61868498200505
2024-06-28,GOOGL,184.74952038231942,186.25220828663984,182.7837698291306
2024-06-28,MSFT,445.7401626903666,448.6352445709387,441.42309846257353
2024-06-28,NVDA,124.81725670718819,127.60336043850978,122.10055038784274
2024-07-01,AAPL,209.09699748288742,211.26683229110415,206.87979023293587
2024-07-01,AMZN,193.2788804095654,195.49439903953865,191.05308565503577
2024-07-01,GOOGL,181.3624666128045,183.07259417468438,179.3326427683228
2024-07-01,MSFT,439.9347762512012,442.2067162967938,436.0562309257973
2024-07-01,NVDA,123.75050592510652,126.009718356942,120.58258686828933
2024-07-02,AAPL,215.71970584130239,218.0343843580212,213.27458396522286
2024-07-02,AMZN,197.43575436355738,199.57401595402973,194.99558247532184
2024-07-02,GOOGL,181.8311251994405,183.46226280920638,179.97097024218445
2024-07-02,MSFT,450.4381602023308,453.39366447380183,446.45198013029733
2024-07-02,NVDA,124.42910557859469,126.96617473801523,121.28861086346302
2024-07-03,AAPL,218.64412497584897,220.90250191427037,217.19536076578484
2024-07-03,AMZN,199.4263877979051,201.36996471889486,197.13158151283895
2024-07-03,GOOGL,184.24373241590914,185.51906874900067,182.162761557175
2024-07-03,MSFT,453.2800631033409,456.39303064639256,449.0957127455027
2024-07-03,NVDA,122.68620228283154,125.10396028964051,119.56286692637985
2024-07-05,AAPL,221.7928789778966,224.24852563832349,218.92066049712287
2024-07-05,AMZN,197.4509329713205,199.2511651737923,195.05375392008838
2024-07-05,GOOGL,184.9071865320831,186.41682179982035,182.79188525106426
2024-07-05,MSFT,454.29203702993027,457.3924583537022,449.6798015284393
2024-07-05,NVDA,129.65334608845288,131.93806566594264,126.31999119839836
2024-07-08,AAPL,225.3349086712855,227.33908356370682,223.18272407966512
2024-07-08,AMZN,200.23108226893282,201.993527530589,197.63336298119532
2024-07-08,GOOGL,189.89420212899665,191.1546388038946,187.642699580439
2024-07-08,MSFT,460.6012834403799,463.0878449440145,456.0663533421722
2024-07-08,NVDA,127.37334584159073,129.74956420632228,123.41781550110235
2024-07-09,AAPL,226.00277368879304,228.80957965298546,223.83852560219816
2024-07-09,AMZN,198.5144965277936,200.25037855539617,196.39014543383914
2024-07-09,GOOGL,188.28192080112237,189.6346108446816,186.15066019272697
2024-07-09,MSFT,459.9771213812476,462.46908670592273,455.2755012427034
2024-07-09,NVDA,128.90167533447766,131.36281511237007,125.5791865747236
2024-07-10,AAPL,227.318810033763,230.05180354915257,226.05225259513097
2024-07-10,AMZN,198.93603190036387,200.73799421019135,196.3649439636633
2024-07-10,GOOGL,188.2313396863555,189.80208682454395,186.24095100583438
2024-07-10,MSFT,453.00945955997014,455.6819568485195,448.71168991456284
2024-07-10,NVDA,131.92002687166388,134.39164968004147,128.77469038979058
2024-07-11,AAPL,231.487930764676,233.78539509675747,229.13171558804467
2024-07-11,AMZN,199.59989417190536,201.48286894259294,197.32955045071748
2024-07-11,GOOGL,189.7693806815221,191.18999156221383,187.86659867305258
2024-07-11,MSFT,459.8985926743511,462.0202886144281,455.96969972857056
2024-07-11,NVDA,134.9587562949441,137.8143074867869,131.9092521508935
2024-07-12,AAPL,226.93808744705814,229.00765175256626,224.44433009174128
2024-07-12,AMZN,194.93965826936733,197.0053622769002,192.69808439954232
2024-07-12,GOOGL,185.10325865388674,186.32384099036494,182.81949095835236
2024-07-12,MSFT,448.8649698685984,451.94199767729964,444.2235031060149
2024-07-12,NVDA,127.69611617620663,130.19788356229677,124.76136581124109
2024-07-15,AAPL,228.2789533766528,230.70401015022082,225.73644541657399
2024-07-15,AMZN,194.3058662734866,196.444928933063,192.03665035575452
2024-07-15,GOOGL,184.04895025407862,185.45122349864897,182.03668057870127
2024-07-15,MSFT,446.6489277183013,448.79282561823624,442.7511759781849
2024-07-15,NVDA,130.50634176924564,133.34828944042223,127.96528524746928
2024-07-16,AAPL,233.84828268694278,236.05036167242997,231.89638482959677
2024-07-16,AMZN,192.41138676073408,193.82821913151724,190.51376722265312
2024-07-16,GOOGL,185.6486766625311,187.1481436108726,183.2518621575228
2024-07-16,MSFT,448.486078949447,451.25394851651845,444.4708476379754
2024-07-16,NVDA,129.76289231561427,132.51879265167395,126.68373749433852
2024-07-17,AAPL,234.20491526012913,236.51605540165417,232.1715731641008
2024-07-17,AMZN,193.2716800519111,195.17057261269332,190.69591332411508
2024-07-17,GOOGL,182.73096060509468,184.43976770820728,180.98715874621186
2024-07-17,MSFT,443.2733181647839,446.0436284448813,438.3436602463793
2024-07-17,NVDA,125.97665403702297,127.94113468362023,122.82258523751229
2024-07-18,AAPL,227.30103872754302,229.4483196727252,225.16622212421763
2024-07-18,AMZN,188.27093133771785,190.23412176287218,186.09438041118332
2024-07-18,GOOGL,179.9788124965349,181.48942644228802,177.7328770467507
2024-07-18,MSFT,437.9552259896082,439.9310502893701,434.0982833031448
2024-07-18,NVDA,118.70605600567887,120.65587533743337,115.5180077195366
2024-07-19,AAPL,223.5888556812836,225.67212205397013,221.3926568671811
2024-07-19,AMZN,182.69441963189513,184.33253926593127,180.57883089824202
2024-07-19,GOOGL,176.57391372602538,177.95377631352451,174.48709100087262
2024-07-19,MSFT,433.5025619508523,435.7599399223986,429.3705298129259
2024-07-19,NVDA,122.00488498058644,123.90098679509894,119.39649964572834
2024-07-22,AAPL,222.56195342179612,224.82882724189972,220.27910766737875
2024-07-22,AMZN,184.10363765101576,185.89917642301972,182.0905944848453
2024-07-22,GOOGL,176.9785435936713,178.50313235431588,174.84840422826642
2024-07-22,MSFT,429.6916837331658,431.67602084084075,425.44676258264224
2024-07-22,NVDA,117.94838317419901,120.24047664566952,115.13270320391477
2024-07-23,AAPL,222.98462809741324,225.2161203258642,221.21037008325666
2024-07-23,AMZN,182.35413306108705,184.02802614966262,180.21104036180247
2024-07-23,GOOGL,180.40417684555786,181.58211697321215,178.36712087214866
2024-07-23,MSFT,436.72690752829766,439.18698869568976,432.0878794771339
2024-07-23,NVDA,124.3180848572647,126.60834765579357,121.15421291819564
2024-07-24,AAPL,224.35144631750268,226.53432823271297,222.50930622761172
2024-07-24,AMZN,186.55455704612638,188.30568099617494,184.3678815719455
2024-07-24,GOOGL,180.3522555045183,181.74255279275195,178.32202070995558
2024-07-24,MSFT,437.049649073264,439.67243421044014,431.9699143026091
2024-07-24,NVDA,123.67525712910181,125.89187370706638,120.86003553944093
2024-07-25,AAPL,216.7517197228107,218.99344393971433,214.16525398925236
2024-07-25,AMZN,180.45570902046074,182.17350650633813,178.40335695929673
2024-07-25,GOOGL,171.7242591359291,173.43605476983478,169.92059931992398
2024-07-25,MSFT,423.30740841982885,424.9743759226303,419.5718701911513
2024-07-25,NVDA,114.74967600881732,116.87451143127092,112.46512192778783
2024-07-26,AAPL,216.35716197790552,218.6880944179186,213.90485340441856
2024-07-26,AMZN,179.11320062275053,181.11360145525381,177.14573518452966
2024-07-26,GOOGL,166.1132805836983,167.82266987925564,164.5814877328568
2024-07-26,MSFT,411.6789522109519,413.08777566308123,407.08303806219163
2024-07-26,NVDA,112.3443656368031,114.43808087559238,109.61985732797453
2024-07-29,AAPL,216.9087827402433,218.88587625052557,214.55400104437706
2024-07-29,AMZN,182.88971637185873,184.7388659916859,180.77195332408743
2024-07-29,GOOGL,165.03377578745142,166.41590233936515,163.2402849502084
2024-07-29,MSFT,419.6064540667551,422.16557779699843,415.8753386045362
2024-07-29,NVDA,113.21299848521171,115.36693965545626,110.59866011631092
2024-07-30,AAPL,217.0733411738215,218.97381146907045,215.15285489625484
2024-07-30,AMZN,182.6034559718423,184.2474427698142,180.38511974833793
2024-07-30,GOOGL,168.41840565981525,169.33845602547385,166.34342365525055
2024-07-30,MSFT,421.017363305597,423.1180314666501,416.9065682655965
2024-07-30,NVDA,112.97923896299334,114.96860959611682,110.37796200960489
2024-07-31,AAPL,217.4876226418602,219.78284781595806,215.49661954657205
2024-07-31,AMZN,181.30810962946182,183.22908414247368,179.16477428711238
2024-07-31,GOOGL,168.5584204470997,169.75944275599096,166.84602276804353
2024-07-31,MSFT,417.13645519187793,419.6854873828673,412.8241198758523
2024-07-31,NVDA,103.90527700201227,106.39166352451063,101.64569920954204
2024-08-01,AAPL,220.23717903609705,222.6306801585723,217.86722803654988
2024-08-01,AMZN,187.05680295336185,188.84568829683332,184.74866522456352
2024-08-01,GOOGL,169.78578225818032,171.08729794973846,167.7871286635029
2024-08-01,MSFT,411.06299610321634,414.01054714846777,407.2048065839673
2024-08-01,NVDA,116.83818328087148,119.04979986953788,114.1413779559345
2024-08-02,AAPL,216.75327835540637,219.3867896757569,214.7034313841506
2024-08-02,AMZN,183.8050122431636,185.39986748328724,181.46983013937367
2024-08-02,GOOGL,168.81051568603476,170.0902272083167,167.16315273501448
2024-08-02,MSFT,410.1086311998089,411.9590218226967,406.2629192292704
2024-08-02,NVDA,110.2607960555462,112.58090254927586,107.60146634091963
2024-08-05,AAPL,219.06953631571355,221.29833155526515,216.6672452512869
2024-08-05,AMZN,167.68157345856463,169.3376388031242,165.70115334003953
2024-08-05,GOOGL,165.20627546814478,166.55591369868696,163.69062563006787
2024-08-05,MSFT,402.0504449121421,405.00650929026614,398.23965390841573
2024-08-05,NVDA,107.79019016572092,109.91070693349553,105.01825690720716
2024-08-06,AAPL,207.38592127336554,209.8920978639566,204.6649200106829
2024-08-06,AMZN,160.996338839586,162.76060645635482,158.53573767548994
2024-08-06,GOOGL,158.16205095750715,159.89620193927524,156.46751304015473
2024-08-06,MSFT,388.5554302177477,391.3199582892843,384.67177871721185
2024-08-06,NVDA,101.23874274302545,103.56646162890239,98.97901230734703
2024-08-07,AAPL,205.48363247221982,206.87742971339134,203.02616462290436
2024-08-07,AMZN,162.40736774003238,164.07414905863433,160.1633637802622
2024-08-07,GOOGL,156.7164393902608,158.07662379781527,155.10060973660396
2024-08-07,MSFT,392.4184420182281,394.90643225912856,388.3991109756754
2024-08-07,NVDA,106.25205318534503,108.69217740405335,102.99820590569351
2024-08-08,AAPL,208.32666519504005,210.81398674818385,205.69550236992245
2024-08-08,AMZN,162.9752215520982,165.05187818648642,160.70288448640684
2024-08-08,GOOGL,158.2389540326185,159.4325265034575,156.58685574019526
2024-08-08,MSFT,392.28509181720943,394.43553560326006,388.0350835065897
2024-08-08,NVDA,98.9458115519149,101.13002239425596,96.46387065682997
2024-08-09,AAPL,211.32134730573011,213.66395226815706,208.95546542716755
2024-08-09,AMZN,165.48597196031386,167.20451035921755,162.8991686378508
2024-08-09,GOOGL,160.9699733973089,162.61588145836114,159.1605452828336
2024-08-09,MSFT,395.43062110998204,398.4242306604832,391.06236751156507
2024-08-09,NVDA,105.23211214282797,107.62161618461487,103.27504711473532
2024-08-12,AAPL,214.9655032474797,217.54961748281835,213.3372985843715
2024-08-12,AMZN,166.7507918388144,168.71804219958085,164.56137229038458
2024-08-12,GOOGL,162.11608286929985,163.4525159793773,160.6433839448809
2024-08-12,MSFT,398.441589888736,401.7616958149186,394.51655021325644
2024-08-12,NVDA,104.56314995129331,107.19000272838524,101.60506741788714
2024-08-13,AAPL,215.63519087040416,218.15226906202298,213.04523696852237
2024-08-13,AMZN,165.74086129461486,167.2858856742874,163.70877626766872
2024-08-13,GOOGL,160.65078340736147,162.28266487147621,159.07511032123992
2024-08-13,MSFT,399.1282989104736,402.2021443712237,395.02594468242876
2024-08-13,NVDA,108.20780131539189,110.32769752176759,106.06638895131827
2024-08-14,AAPL,219.78616296123084,222.27146875451783,216.70544961602417
2024-08-14,AMZN,169.8099754337244,171.72268907569952,167.45661376704226
2024-08-14,GOOGL,162.82083730789307,164.8118318839338,161.2422806443112
2024-08-14,MSFT,407.06995168110956,409.5222878825576,402.89075074828725
2024-08-14,NVDA,115.80209895775059,118.76821519400328,112.91198441996944
2024-08-15,AAPL,220.20491600671545,222.90779581426295,218.23960882474523
2024-08-15,AMZN,168.72835667802352,170.77036891970488,166.6330121984152
2024-08-15,GOOGL,159.63042402597918,161.43905711756304,158.0458148924639
2024-08-15,MSFT,411.1009141967775,414.489702553057,406.9110566352782
2024-08-15,NVDA,117.5775149778651,120.0347882272939,114.29821889584426
2024-08-16,AAPL,222.94351146434363,225.44192963839927,220.7523094006095
2024-08-16,AMZN,177.28488127807464,178.77660386901363,174.8036434509581
2024-08-16,GOOGL,159.96484775452237,161.18760914326714,158.26441003928494
2024-08-16,MSFT,414.25456612877235,416.5362579152301,409.8615538800556
2024-08-16,NVDA,122.98750289246601,126.02362843754885,118.14764739381383
2024-08-19,AAPL,224.07260981323452,226.7600040898642,222.0465931834058
2024-08-19,AMZN,176.6646802120842,178.2596436304704,173.63395698216326
2024-08-19,GOOGL,161.25628470839993,163.43812325830038,159.71171602429462
2024-08-19,MSFT,411.3136863476534,413.5813373531845,406.698020212779
2024-08-19,NVDA,124.09611124313784,127.06272236196159,121.27868425996942
2024-08-20,AAPL,224.31203411601282,226.8087819599276,222.4583316732447
2024-08-20,AMZN,178.61264806802086,180.36613176952957,176.37640434605984
2024-08-20,GOOGL,164.33633049256972,166.11014481843281,162.40428436693858
2024-08-20,MSFT,417.87439849756834,420.94586156540544,413.595506425064
2024-08-20,NVDA,130.0778899855485,132.8578319979836,126.46452825507338
2024-08-21,AAPL,225.80721160520315,228.21782767176398,223.19064349320266
2024-08-21,AMZN,177.86464041016276,179.1500582006026,175.38172355566311
2024-08-21,GOOGL,165.85136745752138,167.5805016470198,164.08767351862048
2024-08-21,MSFT,420.325242798198,423.3321442793877,415.94729746133333
2024-08-21,NVDA,127.87421504471293,130.77119145006438,123.83905311401317
2024-08-22,AAPL,225.17775963478712,227.47116901211376,222.2070808625304
2024-08-22,AMZN,180.2545468706083,181.91417382272616,178.44879066248114
2024-08-22,GOOGL,164.18729884405616,165.74702384939482,162.50708459763197
2024-08-22,MSFT,416.94116103489574,420.2332067306757,412.4413261310436
2024-08-22,NVDA,129.71429798174248,133.12794282275178,126.03999083286537
2024-08-23,AAPL,223.03973408975043,225.38289074293144,221.3005863066128
2024-08-23,AMZN,176.32154405778707,178.04591439806435,174.52665441558105
2024-08-23,GOOGL,161.68829452520555,163.59651372513596,160.31155719130558
2024-08-23,MSFT,409.3043975895876,412.04558195016125,405.16661444025107
2024-08-23,NVDA,124.16172922099767,127.16174643608466,121.4452962014065
2024-08-26,AAPL,225.3085928358177,227.5493752496707,222.71855101123285
2024-08-26,AMZN,175.77587880493996,177.40409756145584,173.59756207527687
2024-08-26,GOOGL,164.14398191304613,165.55757634270148,162.52438097532882
2024-08-26,MSFT,410.463144659112,413.0198883089199,406.62024915224214
2024-08-26,NVDA,128.869751291499,131.956271527184,124.34985101534699
2024-08-27,AAPL,226.08291739862372,228.14425175282364,224.08107778302136
2024-08-27,AMZN,174.74140049587393,176.58642595477255,171.71115469592303
2024-08-27,GOOGL,164.88870226337733,166.6710144406813,162.97371029697393
2024-08-27,MSFT,407.7465811975066,409.79406145165393,403.7791902338077
2024-08-27,NVDA,125.00639000967762,127.78831078840355,121.18576794706172
2024-08-28,AAPL,227.02726054273393,229.07127796251925,224.0958089518887
2024-08-28,AMZN,172.31711020977147,174.36319676901402,169.20920772286868
2024-08-28,GOOGL,162.77157521148973,164.28676628890562,161.0175999395385
2024-08-28,MSFT,407.1218848556671,409.45417279886624,403.3930924297481
2024-08-28,NVDA,127.36391373300245,130.57644622694406,124.24694279981509
2024-08-29,AAPL,225.03107336847125,227.45277195640608,221.89468196658174
2024-08-29,AMZN,169.40366396442374,171.21300952885548,167.45665255874096
2024-08-29,GOOGL,161.10026619288305,162.91708353404923,159.65302310320365
2024-08-29,MSFT,404.51241858736324,407.7888377836016,400.8384843179894
2024-08-29,NVDA,126.07211507142263,128.84761965991277,123.2513507479994
2024-08-30,AAPL,228.445395127282,230.90764993766692,225.85996630254806
2024-08-30,AMZN,171.37822909393185,172.89067331328897,169.11886857383996
2024-08-30,GOOGL,160.21574794108446,162.09474687609153,158.44439212820157
2024-08-30,MSFT,406.7426143582241,409.5955217707065,402.4516404837085
2024-08-30,NVDA,117.89243019029367,121.2431686082052,114.45195779425786
2024-09-03,AAPL,227.10185703183808,229.54440575328584,224.67561958263735
2024-09-03,AMZN,178.58276869779763,180.52383206424983,175.7564988578491
2024-09-03,GOOGL,161.40686169503857,163.1466122735305,159.70452562471846
2024-09-03,MSFT,412.0880237240553,414.59937768752826,407.97542493220345
2024-09-03,NVDA,117.68829632781991,120.70649893850295,114.60515098483833
2024-09-04,AAPL,221.76835406330923,224.05350232491884,219.11098820123073
2024-09-04,AMZN,175.80393694114298,177.8735282703375,173.20676245291227
2024-09-04,GOOGL,155.81587577626144,157.46605211111498,154.44433851388806
2024-09-04,MSFT,403.2517502493963,406.1467033695706,399.71124690752856
2024-09-04,NVDA,107.96735802100424,111.51979038165567,104.7570356218479
2024-09-05,AAPL,219.33862203107887,221.87309640061605,216.60578191885367
2024-09-05,AMZN,172.59372058382175,174.88068910324407,170.29110494815512
2024-09-05,GOOGL,155.2189902994134,156.779764367263,153.54612175257114
2024-09-05,MSFT,402.6030545034783,404.50779333786886,398.7971763865045
2024-09-05,NVDA,106.56582611971157,109.92925360246926,103.6244579016243
2024-09-06,AAPL,220.80128842318996,222.71041783424627,217.9719702701361
2024-09-06,AMZN,177.0595513903972,179.00890161258664,174.6411265684262
2024-09-06,GOOGL,155.51752784853008,157.20394017352388,153.94661432840311
2024-09-06,MSFT,402.07688686488683,404.640684172082,398.171061088209
2024-09-06,NVDA,106.74593562789839,110.25618188506371,103.79874354929231
2024-09-09,AAPL,219.56291082857848,222.10099765574304,216.7041801664528
2024-09-09,AMZN,171.44960288740617,173.49194942067246,169.16928201427092
2024-09-09,GOOGL,149.38848867070485,151.18892757601645,147.7240799590453
2024-09-09,MSFT,395.112201990369,398.1210167380774,390.71331765528197
2024-09-09,NVDA,102.61154648436819,105.1696401372885,99.67626530026051
2024-09-10,AAPL,218.96703857780332,221.17672780356364,216.6354748881129
2024-09-10,AMZN,174.79148434109138,176.89295580831651,172.3847333761139
2024-09-10,GOOGL,147.20860359622026,149.28404532983302,146.00768921636106
2024-09-10,MSFT,399.1076713729679,402.2448737243785,395.50442516840144
2024-09-10,NVDA,107.0639043761331,109.91767556520168,104.40938933005273
2024-09-11,AAPL,217.93575391950225,220.0740610333999,215.64276208570394
2024-09-11,AMZN,180.034130361697,181.91836389306542,177.3952054468352
2024-09-11,GOOGL,147.5665966528294,149.14548701413582,146.19779050102784
2024-09-11,MSFT,406.67192978045847,410.04747907286594,402.5254905273562
2024-09-11,NVDA,107.22939056315417,110.3823299493724,104.52276052546105
2024-09-12,AAPL,221.40888982710075,224.48606029798012,218.91262482423284
2024-09-12,AMZN,183.66102057977156,185.18583515905314,181.34626688037395
2024-09-12,GOOGL,150.1287285722575,151.63216203492985,148.70870286204072
2024-09-12,MSFT,417.3262290139759,420.57559561306454,413.4149249229761
2024-09-12,NVDA,117.48113678678351,121.03972534094069,114.10646683137983
2024-09-13,AAPL,220.76870213105866,222.9566751045329,218.15808037343885
2024-09-13,AMZN,187.23049122645037,188.97961240435535,184.54800843692786
2024-09-13,GOOGL,153.6903854304612,154.9425378378522,152.1129837603374
2024-09-13,MSFT,421.0522157402801,425.25349830848364,417.47975527924785
2024-09-13,NVDA,119.26716466211083,121.82570635932751,115.97151061939834
2024-09-16,AAPL,221.01389623788964,222.9211753672228,218.61190118791043
2024-09-16,AMZN,186.09303009301846,188.09959669679154,183.81615123103956
2024-09-16,GOOGL,156.53198655666037,158.06815790490916,154.98433926726233
2024-09-16,MSFT,424.7593087002557,428.4288456605604,420.47490783338304
2024-09-16,NVDA,118.35772197366431,121.46942402476932,115.21629859795604
2024-09-17,AAPL,214.95468678282455,217.08455191134348,212.78191326914592
2024-09-17,AMZN,185.41390179385954,187.1755156364626,183.0330375846155
2024-09-17,GOOGL,156.734649406005,158.94583415607957,155.1960967992629
2024-09-17,MSFT,425.8169163447255,428.40026205674536,421.8066442073787
2024-09-17,NVDA,116.32473022218466,119.08130725459306,112.87627366820298
2024-09-18,AAPL,215.10053611440932,217.08337930563425,212.91942911764755
2024-09-18,AMZN,187.70567809440337,189.77579546110184,185.4167432759793
2024-09-18,GOOGL,157.81946758226576,159.2593059312512,156.33680960120105
2024-09-18,MSFT,429.2417683460187,432.6855340162533,424.9964563786802
2024-09-18,NVDA,115.27701167145793,118.09486858815585,112.01393163041831
2024-09-19,AAPL,219.18553416472116,221.02597914319202,217.01319924039035
2024-09-19,AMZN,187.27904474202873,189.23269600899525,184.71500582519593
2024-09-19,GOOGL,158.29324380574047,160.24091345002586,156.70532175563693
2024-09-19,MSFT,423.7305380536937,427.2499035762947,420.3829406831689
2024-09-19,NVDA,113.708758931726,116.74818739101079,110.18836020433534
2024-09-20,AAPL,227.46103098131263,229.40458637425118,224.84707275992125
2024-09-20,AMZN,189.88381897420308,191.6128407175633,187.27424881327394
2024-09-20,GOOGL,160.97333300477177,162.86445987202083,159.44079104066682
2024-09-20,MSFT,432.8634883286705,436.61371956384835,428.97388185007014
2024-09-20,NVDA,117.81040720933215,120.69787313004733,114.77663692952626
2024-09-23,AAPL,226.57125558665044,228.4749320054625,223.63773781582103
2024-09-23,AMZN,191.88195411412016,193.5425231073153,189.0329949728733
2024-09-23,GOOGL,161.96789180019562,163.24180012505636,160.51490105827037
2024-09-23,MSFT,428.98960975215095,432.17023385313826,425.2257135523806
2024-09-23,NVDA,116.07349729441559,119.22748432376474,113.32036928918811
2024-09-24,AAPL,225.15968386175606,227.35346276779018,222.51815471320973
2024-09-24,AMZN,194.10777888365584,196.5793498615965,192.0308743720275
2024-09-24,GOOGL,160.54238173878642,162.41359455885478,158.89574546091833
2024-09-24,MSFT,427.6194004416937,430.62521236508366,422.9963939051674
2024-09-24,NVDA,115.32796820599792,118.14920168116048,112.34900890609265
2024-09-25,AAPL,227.22771474615575,228.84544364468934,224.51419541868765
2024-09-25,AMZN,193.35268867457782,195.36045595281712,191.15089123862194
2024-09-25,GOOGL,161.24491954712167,163.25741322744915,159.6432265381453
2024-09-25,MSFT,423.1379423437844,426.4983361756336,419.0799360185854
2024-09-25,NVDA,121.58813387839547,123.91570823766082,118.50457326983876
2024-09-26,AAPL,225.24063063898956,227.35220247952387,222.6856719416917
2024-09-26,AMZN,192.41918932824785,194.6028328560514,189.89126703421422
2024-09-26,GOOGL,159.83825296340868,162.23369040044244,158.31628884557426
2024-09-26,MSFT,425.4761762252016,428.7525821027464,422.2849811449736
2024-09-26,NVDA,122.92553590108793,126.03452937746049,119.73841533918979
2024-09-27,AAPL,226.4225097239138,227.9297243825298,224.00660711598485
2024-09-27,AMZN,190.658566552421,192.69361059452797,188.71095817371938
2024-09-27,GOOGL,161.38651230117077,163.2068463805451,159.76449147815558
2024-09-27,MSFT,424.46143753338686,427.1891180631139,420.7166515010713
2024-09-27,NVDA,123.264729497716,126.08078939169732,120.15482767003535
2024-09-30,AAPL,226.1598696266811,228.18877132154583,223.522688348539
2024-09-30,AMZN,188.25038827496599,190.51001464513308,186.86364584782464
2024-09-30,GOOGL,163.07534189365765,164.6588543249561,161.54889586314093
2024-09-30,MSFT,422.36279957775946,425.71472145279404,419.0505279885253
2024-09-30,NVDA,120.91204426219493,124.16504590696813,117.88903703774386
2024-10-01,AAPL,231.84901495617115,233.76771117695918,229.61110722874977
2024-10-01,AMZN,185.83014107278103,188.04470009649077,183.12442392452962
2024-10-01,GOOGL,164.34426496465568,166.41160436969943,162.74337632290226
2024-10-01,MSFT,422.81071635485813,426.6099910590041,418.79453249035646
2024-10-01,NVDA,120.41506745030317,123.64953084259746,116.95638528970146
2024-10-02,AAPL,224.44325311990514,226.51633987497064,222.2202005500421
2024-10-02,AMZN,185.303614059299,187.1620825510961,182.8430739659927
2024-10-02,GOOGL,165.45921076706117,167.93892689140793,163.8872255008867
2024-10-02,MSFT,414.6454831872726,418.067147935783,410.60654167555634
2024-10-02,NVDA,115.87087652666514,118.75966182979973,112.69738694702492
2024-10-03,AAPL,224.6709166887344,226.90281279121317,222.15944769837537
2024-10-03,AMZN,183.81130298356038,185.98655252076418,181.5527768339569
2024-10-03,GOOGL,164.18296640068127,165.85593376535383,162.75594248166632
2024-10-03,MSFT,410.0480910736718,414.030568032418,407.0308045949546
2024-10-03,NVDA,118.77486719043405,121.64250313814773,115.43139453963026
2024-10-04,AAPL,223.12595143921533,225.01897993261124,220.6678737565619
2024-10-04,AMZN,182.29495135844567,184.1592102428979,179.4945318845881
2024-10-04,GOOGL,164.6893034738083,166.39564213239416,163.18700533434117
2024-10-04,MSFT,410.5664523790344,413.70073461559866,407.63917597828186
2024-10-04,NVDA,123.03632020254288,126.11906012989324,119.62342447726284
2024-10-07,AAPL,225.90393002821017,227.88410860836368,223.51984413774628
2024-10-07,AMZN,186.07487627942626,188.08228968502772,183.72606196191944
2024-10-07,GOOGL,165.75202484273,167.54860862716723,164.1577454342217
2024-10-07,MSFT,409.4394949624796,412.63004110633415,405.6516487874872
2024-10-07,NVDA,125.1365401230403,128.20105925548236,121.66621446474353
2024-10-08,AAPL,219.49267619908395,221.3159190029232,217.00962940042527
2024-10-08,AMZN,180.77665661508038,182.80623825047826,178.1557682584085
2024-10-08,GOOGL,161.46124581061434,163.22893353115165,159.93579014794963
2024-10-08,MSFT,403.27585819449786,406.53490629624747,399.95558756269196
2024-10-08,NVDA,128.4522037666321,131.51073103074307,125.02420411823718
2024-10-09,AAPL,223.80831511606982,225.753235960545,221.6039709975507
2024-10-09,AMZN,182.53129117262193,184.30405333091144,180.33323016241152
2024-10-09,GOOGL,162.64832448455218,164.6486103955697,161.18822144060147
2024-10-09,MSFT,407.95226294305934,411.7368304248742,404.49131510514184
2024-10-09,NVDA,132.49511087159388,135.67490520884033,129.19113901148876
2024-10-10,AAPL,227.45998202021454,229.66104286135874,225.14693481306736
2024-10-10,AMZN,184.9134261581001,187.0008477903265,182.60246242512596
2024-10-10,GOOGL,159.90172592746504,161.68081821381196,158.36705320163458
2024-10-10,MSFT,410.2881440875392,413.7168929055754,406.54854675926765
2024-10-10,NVDA,132.6739231759112,135.89677381732892,129.20695312824392
2024-10-11,AAPL,227.519117248798,229.52159059665215,224.92235160148286
2024-10-11,AMZN,187.11463308666384,188.8441357873512,184.8677138388694
2024-10-11,GOOGL,160.5512774112418,162.39685168643607,159.11954056841114
2024-10-11,MSFT,409.42711054819773,412.6864763979798,406.2328295196299
2024-10-11,NVDA,135.0150725661529,138.1196791203548,131.47218168145793
2024-10-14,AAPL,226.08597164313068,228.01484003447231,224.24709447075128
2024-10-14,AMZN,189.29328101456161,191.03057764494773,186.90936947888105
2024-10-14,GOOGL,161.55863076950249,163.27734903223467,160.07184250171605
2024-10-14,MSFT,410.821381021783,414.18019497470556,407.501109390407
2024-10-14,NVDA,135.7335396069822,138.85311361760085,131.95978803322785
2024-10-15,AAPL,230.23583769257277,232.27498433015643,227.8876325496522
2024-10-15,AMZN,187.20904647041274,188.86325371809036,184.82132217921736
2024-10-15,GOOGL,163.71664353912476,165.34133734108826,162.32098614823843
2024-10-15,MSFT,412.9450631932713,415.96690491590067,409.3089437536409
2024-10-15,NVDA,138.4520549161118,141.6214331015546,134.9792447663186
2024-10-16,AAPL,231.75623401432293,233.55110954733252,229.40148727475557
2024-10-16,AMZN,187.5850891737444,189.2929557948281,185.19612425291254
2024-10-16,GOOGL,164.14838822829353,166.094935863777,162.68748931703746
2024-10-16,MSFT,412.1986703205635,415.61237924873257,408.8215199979126
2024-10-16,NVDA,130.71904003460753,133.4212904498661,127.21233675628199
2024-10-17,AAPL,230.0407014156107,231.74786472390048,227.8074966288176
2024-10-17,AMZN,186.96901097835766,188.95072101941665,184.76092836630696
2024-10-17,GOOGL,163.3891777117153,165.21786248609263,161.84117356342213
2024-10-17,MSFT,410.140021377919,413.5557003598768,406.70906348953474
2024-10-17,NVDA,136.23954466865564,139.72124566927843,132.6446600043313
2024-10-18,AAPL,230.94914008696605,232.66001660097461,228.33004784661065
2024-10-18,AMZN,187.9728039350704,189.46567666720455,185.59968484137315
2024-10-18,GOOGL,161.63558618430028,163.34633670683908,160.1036855389953
2024-10-18,MSFT,410.40732431475897,413.20486846173094,407.155517433581
2024-10-18,NVDA,137.66102468059464,141.37752090028198,133.7531002939338
2024-10-21,AAPL,233.69552323230982,235.5073401689144,230.88713176214407
2024-10-21,AMZN,188.66995592636678,190.32483677037644,186.32917185372747
2024-10-21,GOOGL,162.22962477808304,163.74435441273977,160.59525269813744
2024-10-21,MSFT,411.9534070612747,415.06232982186,408.1868946150998
2024-10-21,NVDA,139.06414546791297,142.74751991492786,135.3030380074948
2024-10-22,AAPL,234.82748465071063,236.74236006985612,232.5043923027351
2024-10-22,AMZN,189.56834559365373,191.42104526029092,187.1271520944549
2024-10-22,GOOGL,162.7814577246584,164.30972278181247,161.31724877692665
2024-10-22,MSFT,413.046272058461,416.22484340742164,409.72266737448837
2024-10-22,NVDA,144.4030021811677,147.66961648748705,140.54526156480975
2024-10-23,AAPL,234.0002795798731,235.61581891510826,232.017349053846
2024-10-23,AMZN,190.14848476937397,191.80262041709528,187.96421376575762
2024-10-23,GOOGL,163.68828438001833,165.25167908680723,162.09077090582028
2024-10-23,MSFT,422.53921513831517,425.86674732139636,418.78423804665516
2024-10-23,NVDA,144.11876614144688,147.57947901034032,139.96582479729616
2024-10-24,AAPL,228.8152143509155,230.72056030972539,226.4345411476714
2024-10-24,AMZN,184.88870594990166,186.58813494601964,182.33624536780673
2024-10-24,GOOGL,161.70544130824683,163.5317051894655,160.2619566614444
2024-10-24,MSFT,419.3914254379725,422.45004119704055,415.73316540458586
2024-10-24,NVDA,139.72542000526377,142.30525589127672,135.87073204204648
2024-10-25,AAPL,229.00358260398744,231.0254000892286,226.64891774038514
2024-10-25,AMZN,186.24814706307552,188.02878830825694,183.92749638690532
2024-10-25,GOOGL,161.8338631280245,163.60512869143778,160.36486618504142
2024-10-25,MSFT,419.51148912660017,422.82037871567877,415.84643069215895
2024-10-25,NVDA,141.17141139505372,144.18727590104487,137.5146502277622
2024-10-28,AAPL,229.64706058126683,231.51161685200083,226.86347618962844
2024-10-28,AMZN,187.79118669546187,189.4684693712015,185.07932524365626
2024-10-28,GOOGL,164.02986629335416,165.7193805175669,162.36924293249427
2024-10-28,MSFT,422.1962133257116,424.99519952362226,418.40391995857857
2024-10-28,NVDA,141.8032719687505,144.2244194623833,138.04900324245648
2024-10-29,AAPL,232.21911268248726,234.18402898543084,229.54207339511044
2024-10-29,AMZN,188.62675472490002,190.39233778161747,186.3128490604309
2024-10-29,GOOGL,165.43321861055736,167.12632105188655,164.03028369905272
2024-10-29,MSFT,420.8398746455022,423.67953522143563,417.75519344781986
2024-10-29,NVDA,140.58932189468095,143.23304085174206,137.10558061305713
2024-10-30,AAPL,232.3448562467635,234.17680752366394,230.03075786212892
2024-10-30,AMZN,191.53513493637527,193.33666311382913,189.08707411836193
2024-10-30,GOOGL,168.89092081323452,170.7337479989793,167.34163811370925
2024-10-30,MSFT,424.9388479198655,428.2480954276834,421.3821932935793
2024-10-30,NVDA,141.16134404180227,144.2119278731042,137.48539919137136
2024-10-31,AAPL,228.47348316390884,230.21354705679497,226.21636797903437
2024-10-31,AMZN,192.67981108252596,194.7204657961572,190.44753562276424
2024-10-31,GOOGL,173.60584293009876,175.3513575149087,171.88553537805146
2024-10-31,MSFT,427.0060414830711,429.35017953509794,423.44460701237426
2024-10-31,NVDA,139.9665491200724,142.89250227228132,136.82424585838578
2024-11-01,AAPL,224.41615983776262,225.77449081467827,222.00951912562954
2024-11-01,AMZN,187.19092808375802,189.0316839824279,184.92015295190453
2024-11-01,GOOGL,170.33369510382673,171.738724404601,168.7152260242377
2024-11-01,MSFT,400.57278610795635,403.49038538764734,397.13882060605323
2024-11-01,NVDA,133.25602212616795,135.91856659940677,130.12451018118546
2024-11-04,AAPL,221.62124198734742,223.19694252247905,219.40048755956005
2024-11-04,AMZN,198.50733235253693,200.49872204907098,196.308623069876
2024-11-04,GOOGL,170.26487147238407,172.0624889486032,168.6451991484713
2024-11-04,MSFT,403.6691732752227,405.8881822678041,400.11102582385416
2024-11-04,NVDA,135.58484224738402,137.82779413445655,132.48424262045384
2024-11-05,AAPL,220.56419338688312,222.19813797812412,218.44733288660927
2024-11-05,AMZN,196.31109966498732,198.26091639285056,194.15608156433225
2024-11-05,GOOGL,168.02219598465808,169.58786587810556,166.4338122905125
2024-11-05,MSFT,402.53776189959314,405.20690056123294,400.0220112560741
2024-11-05,NVDA,135.71942350522806,138.17806767991974,132.7950987114455
2024-11-06,AAPL,221.6217103289831,223.2149830727816,219.76276443427946
2024-11-06,AMZN,200.14064564934097,202.04833352137288,198.0019108607684
2024-11-06,GOOGL,169.38413502220774,171.1088687655245,167.9375685080744
2024-11-06,MSFT,406.2095329445252,409.2247954526064,403.1058240920776
2024-11-06,NVDA,141.0739552206286,143.58298253496147,138.04339740179194
2024-11-07,AAPL,220.80206385065495,222.34174918640363,218.85116842587757
2024-11-07,AMZN,207.67014317565744,209.8226213864278,205.58991596444008
2024-11-07,GOOGL,176.09165949591343,178.20061781926296,174.53338855113566
2024-11-07,MSFT,414.32063772096296,417.16540359520747,411.43337100405677
2024-11-07,NVDA,146.3178451842089,149.08404275450468,143.2891998445616
2024-11-08,AAPL,225.5660481343339,227.31150379473618,223.5185285079295
2024-11-08,AMZN,211.12333320180875,213.26031124379526,208.31753179625923
2024-11-08,GOOGL,180.59333115851786,182.4743107596605,178.86334100974685
2024-11-08,MSFT,419.6460156713438,423.10184128729725,415.93103189897323
2024-11-08,NVDA,148.87529699154283,151.33816335324482,145.535792964504
2024-11-11,AAPL,226.11606238413188,228.008717198888,224.070005895221
2024-11-11,AMZN,207.10861060562488,209.2074701656609,204.4660315897432
2024-11-11,GOOGL,177.51869969646916,179.5092071098743,175.65198926978988
2024-11-11,MSFT,415.74461409322834,419.2988539623098,412.3574182941286
2024-11-11,NVDA,147.65518206802054,150.53296449412113,144.36292842426909
2024-11-12,AAPL,222.49173713585293,224.12256187355342,220.43260440984994
2024-11-12,AMZN,207.3371626057986,209.12320275775917,204.31687851826695
2024-11-12,GOOGL,180.10352340267337,182.15195587970956,178.27553428483776
2024-11-12,MSFT,411.56800355462997,414.9430777662902,407.851231964721
2024-11-12,NVDA,145.77365212606026,149.1626960213326,142.45223305808327
2024-11-13,AAPL,223.5893225950108,225.2080154176096,221.46205956984988
2024-11-13,AMZN,208.57204250601112,210.68210252875537,206.15026596285037
2024-11-13,GOOGL,180.81021731878437,182.7679258692868,179.15712431310862
2024-11-13,MSFT,419.1013390254266,421.9815775816705,415.251936416567
2024-11-13,NVDA,148.3208957548981,151.12833891458067,145.25532433876037
2024-11-14,AAPL,223.31868359572462,224.91747410566677,221.2714112633877
2024-11-14,AMZN,213.47981027882068,215.58241364341305,211.00827600106464
2024-11-14,GOOGL,178.1703326376283,179.81367977899413,176.3782661057356
2024-11-14,MSFT,419.0110468130922,422.41484024032485,415.59698865896803
2024-11-14,NVDA,146.64740233024273,149.51673155467063,143.67201143384997
2024-11-15,AAPL,226.58013322962805,228.27198720648622,224.657258816541
2024-11-15,AMZN,211.898893658393,213.8109733211299,209.49512193362858
2024-11-15,GOOGL,174.09205143219958,176.42869633953137,172.54239581824763
2024-11-15,MSFT,420.17288701120503,423.7196044113239,416.64417643091616
2024-11-15,NVDA,147.3950040367095,150.45516149048936,144.3060918808258
2024-11-18,AAPL,223.7585817621266,225.70373727038728,221.63328270896187
2024-11-18,AMZN,203.46636722973236,205.59448378904344,201.12637040960382
2024-11-18,GOOGL,171.6199670828632,173.14107100768732,170.06632360467754
2024-11-18,MSFT,408.6298611177927,411.77785613018045,404.83915370454076
2024-11-18,NVDA,141.24669514843842,144.0027592719839,138.30535499219886
2024-11-19,AAPL,226.08253286468687,227.74431309019076,224.0632727431243
2024-11-19,AMZN,201.23044383700204,203.25881867691368,198.77134279861798
2024-11-19,GOOGL,174.59370371833893,176.50062912579364,173.05986517297183
2024-11-19,MSFT,410.9583270907079,414.32943042558367,407.0534036737465
2024-11-19,NVDA,139.46720502904378,142.16861268508566,136.78273073647796
2024-11-20,AAPL,225.7706162320914,227.54556463472153,223.63028397960602
2024-11-20,AMZN,203.62538109690163,205.4485311949924,200.9262902361036
2024-11-20,GOOGL,176.77390082836538,178.65176612504123,175.34502934782682
2024-11-20,MSFT,412.8561335638101,415.525477287596,409.0441353193992
2024-11-20,NVDA,146.81033189442286,149.56685137000582,143.74811973809955
2024-11-21,AAPL,227.31355904318684,229.26596186485423,225.1725413729391
2024-11-21,AMZN,202.46978257961214,204.11213567986783,199.9442588967794
2024-11-21,GOOGL,175.06594584512658,177.04502016954837,173.42096070380427
2024-11-21,MSFT,410.5653220248306,413.8588568061694,406.87723163384794
2024-11-21,NVDA,145.51552764122027,147.86527349031667,142.62429267341855
2024-11-22,AAPL,226.69883610358195,228.40598054002044,224.6351154875236
2024-11-22,AMZN,198.6230458860133,200.48918109443647,195.99908182128553
2024-11-22,GOOGL,166.7791036130192,168.72402293824499,164.94597862835815
2024-11-22,MSFT,407.3057103624175,409.8694430833703,404.16505159479215
2024-11-22,NVDA,147.82012500336631,150.5692073590325,144.5925739978176
2024-11-25,AAPL,227.93452431303766,229.7555859026911,225.4054170220534
2024-11-25,AMZN,196.9102609586606,199.12611546205085,194.39529496975737
2024-11-25,GOOGL,163.52007147247932,165.7846447202902,161.72613016331616
2024-11-25,MSFT,411.1292415718738,414.2829643869901,407.9230530970077
2024-11-25,NVDA,142.12659768847664,144.80811940096547,139.3263746439664
2024-11-26,AAPL,231.15866990654405,232.85040387037958,229.00331563265914
2024-11-26,AMZN,203.03109664258753,204.8076109931885,201.00125957467642
2024-11-26,GOOGL,166.2765157487663,167.96338251417617,164.4763877592071
2024-11-26,MSFT,413.3602243171204,416.81499122563173,409.6556508069446
2024-11-26,NVDA,135.5643002497715,137.89552046750376,132.82204518636487
2024-11-27,AAPL,233.25783940257247,234.5815400912827,230.9894545413579
2024-11-27,AMZN,208.9040411027361,210.84724578308908,205.95871508520838
2024-11-27,GOOGL,167.5827779115398,169.39596885916868,165.77439153435787
2024-11-27,MSFT,423.36276590926656,426.6014985782261,419.6580045761465
2024-11-27,NVDA,137.3389702536657,139.6809800788735,134.69095804718964
2024-11-29,AAPL,233.69715039793724,235.20938564816,231.43031583108723
2024-11-29,AMZN,204.97819760455184,206.88791445573693,201.97937476040192
2024-11-29,GOOGL,168.3049363518883,169.9888669048494,166.37641152547135
2024-11-29,MSFT,418.1758033609641,421.87655050686817,414.8864469746755
2024-11-29,NVDA,136.1061764842765,138.16306747325402,133.39479658044888
2024-12-02,AAPL,236.11508999925255,237.87152609045307,233.8608159357905
2024-12-02,AMZN,208.14770631033707,210.1073984963324,205.16526611195405
2024-12-02,GOOGL,167.33787702819626,168.97281396449773,165.64852132199485
2024-12-02,MSFT,419.1635669855044,422.1754996359734,415.1368553275857
2024-12-02,NVDA,138.62234315623718,140.75083840692668,135.69966951626716
2024-12-03,AAPL,238.44271020217846,240.27768778127285,236.37963953207094
2024-12-03,AMZN,211.09454992352804,212.5666439915756,208.7540690771215
2024-12-03,GOOGL,169.99727147351663,171.62029539775324,168.29997539352422
2024-12-03,MSFT,427.03875785763705,430.0633964863716,422.9384291414755
2024-12-03,NVDA,139.270025851371,141.95619187946798,136.33029318804347
2024-12-04,AAPL,241.51600720853833,243.16463468103143,239.42031383906516
2024-12-04,AMZN,213.82236092669925,215.42596338024345,211.20587777159594
2024-12-04,GOOGL,171.1222233578799,172.70474440564305,169.29322705895214
2024-12-04,MSFT,427.51101159122504,430.8103236319599,423.37541754223497
2024-12-04,NVDA,141.2905676308862,143.97329374474734,138.476330215977
2024-12-05,AAPL,241.67902213139152,243.24357006316342,239.40643018946906
2024-12-05,AMZN,219.19456448167546,220.9589423829311,216.36630247797143
2024-12-05,GOOGL,173.67155321305543,175.4327590484314,171.62546013441
2024-12-05,MSFT,433.63855983376186,436.60821038207337,429.56992612128465
2024-12-05,NVDA,145.4707432933895,147.90021302810956,142.6715969007356
2024-12-06,AAPL,241.92061443290632,243.42296291411654,239.4797235289122
2024-12-06,AMZN,221.05233652373533,223.6434787311646,218.45224798477528
2024-12-06,GOOGL,171.4954916138797,172.95747262387465,169.83195463037623
2024-12-06,MSFT,436.96713778580295,439.5166572760197,432.93926266686566
2024-12-06,NVDA,145.07827570771911,147.7692584532495,142.20760125593623
2024-12-09,AAPL,241.74035016112558,243.22077280913552,239.30810785179975
2024-12-09,AMZN,227.80020375770488,229.9862808997884,225.09085956986033
2024-12-09,GOOGL,173.7796147831608,175.00250950422355,172.25877011502473
2024-12-09,MSFT,436.7719476970757,439.9777817987117,432.6508490268017
2024-12-09,NVDA,141.65781624346417,144.0608429326671,139.0648453922374
2024-12-10,AAPL,245.1936721447096,246.80555462200408,243.00712576713502
2024-12-10,AMZN,226.62434198144464,228.85432813463197,223.95670105405648
2024-12-10,GOOGL,175.01337455537802,176.7255772978367,173.32865910532553
2024-12-10,MSFT,441.44881170262283,444.68655247439375,437.45201082695877
2024-12-10,NVDA,138.8875483381719,141.25084969279365,136.54389976979044
2024-12-11,AAPL,246.71626406423115,248.39665415366076,244.20853148052134
2024-12-11,AMZN,225.77579489045056,227.59853045722946,223.31790233652674
2024-12-11,GOOGL,184.81242933381426,186.37828610080965,183.0916811015804
2024-12-11,MSFT,436.60304172475645,440.18232343388047,432.5278028336309
2024-12-11,NVDA,135.24921354735775,137.24065740318167,132.76396365268667
2024-12-12,AAPL,244.75225119143798,246.45418890464367,242.46459038297402
2024-12-12,AMZN,231.8211699518573,233.78948970524442,229.1067264354418
2024-12-12,GOOGL,195.0503995783248,196.80558642965573,192.99942633036693
2024-12-12,MSFT,443.65218832570633,446.27085812798566,439.4274320720068
2024-12-12,NVDA,138.99976615553322,141.22522508665566,136.68153143959586
2024-12-13,AAPL,246.69392046439197,248.24093919336696,244.620127227618
2024-12-13,AMZN,228.8005103071669,231.22794377602338,226.28935577679604
2024-12-13,GOOGL,191.57334056508594,193.57336469860948,189.15276715014338
2024-12-13,MSFT,444.10476723804385,447.3175169338028,440.58485145948373
2024-12-13,NVDA,137.35043233739532,139.73360398841777,134.63467503487342
2024-12-16,AAPL,247.03096347406475,248.6846081220114,244.99232535628636
2024-12-16,AMZN,227.6766948443036,229.90096858505777,224.87347265611646
2024-12-16,GOOGL,189.2573889738365,191.202979970048,187.59028262976258
2024-12-16,MSFT,443.39636306755773,446.5104840428719,438.9750364801773
2024-12-16,NVDA,134.40348783284915,136.39510445763057,132.01204660819076
2024-12-17,AAPL,249.9923307324865,251.62890486188977,247.88207812140575
2024-12-17,AMZN,233.6797231252903,235.346980089589,230.40095064103906
2024-12-17,GOOGL,195.9355829698231,197.37631051708058,193.673436110316
2024-12-17,MSFT,445.6373736509574,448.8915444216458,440.71074950096227
2024-12-17,NVDA,132.27741965657972,134.28509018674106,129.61165831660253
2024-12-18,AAPL,252.12874699988444,253.92931711193665,249.98909912197652
2024-12-18,AMZN,231.5280354196381,233.5238125785176,228.72634351659175
2024-12-18,GOOGL,194.83535416902504,196.831040815918,193.05344132104744
2024-12-18,MSFT,449.0918583253291,452.2539575212846,445.00813824292015
2024-12-18,NVDA,130.4067957007899,132.52500634572675,128.24898238136308
2024-12-19,AAPL,246.3197701597481,247.75576788903672,244.08994205641127
2024-12-19,AMZN,220.67439068295093,222.50944883215405,218.16615080233578
2024-12-19,GOOGL,186.69177634071653,188.61617800645243,184.08947537305377
2024-12-19,MSFT,431.6271966519514,434.35127280918124,427.9019548449671
2024-12-19,NVDA,128.08675420561914,130.50268191504074,125.9229656559005
2024-12-20,AAPL,249.02700655026604,250.81427220022354,246.87399044037494
2024-12-20,AMZN,223.65973260632722,225.92528307656315,220.94172260259904
2024-12-20,GOOGL,188.02928268650697,189.97365773975073,186.19257730377169
2024-12-20,MSFT,431.765953634004,434.65272880284215,427.6310185349815
2024-12-20,NVDA,130.96585125159893,133.47806508452535,128.4561900372571
2024-12-23,AAPL,252.95536593380692,254.81406713915516,250.72048572593235
2024-12-23,AMZN,224.8291932022767,227.31014879433147,221.9899923076714
2024-12-23,GOOGL,190.1089132860767,191.75121468090907,188.00141365298794
2024-12-23,MSFT,430.21808345497345,434.2215705687666,426.18285031208245
2024-12-23,NVDA,134.96660604120152,137.3200162135279,132.67079546700003
2024-12-24,AAPL,254.64707477141508,256.06125321738625,252.5430798353772
2024-12-24,AMZN,225.8046364555713,227.92674471472603,223.00504225445434
2024-12-24,GOOGL,194.5287194524971,196.00283788050763,192.27327280596538
2024-12-24,MSFT,429.8173187920608,432.6193831766144,425.5656227662069
2024-12-24,NVDA,139.36536545769576,142.09621693886442,136.61378845288735
2024-12-26,AAPL,256.6096430198501,258.3306200766698,253.80454738833686
2024-12-26,AMZN,228.80349921526928,230.30752497898698,225.99162674019942
2024-12-26,GOOGL,197.10739720966194,199.3568621464512,194.40003384644447
2024-12-26,MSFT,433.0398870448406,435.45220073521756,429.26239377605873
2024-12-26,NVDA,140.52205802180333,143.68525031976947,137.99541566678357
2024-12-27,AAPL,257.2756256326175,258.71473736385576,255.3293913287384
2024-12-27,AMZN,228.26719973753663,230.25173958930446,225.1967957624331
2024-12-27,GOOGL,194.8073390051874,196.98710485680948,191.76587789763525
2024-12-27,MSFT,432.62808744403253,436.0119139469968,428.3835027819743
2024-12-27,NVDA,140.14969743027063,142.60601542910825,137.43601420301079
2024-12-30,AAPL,253.67863941692553,255.2191083352369,251.43969757740808
2024-12-30,AMZN,224.3402470587992,225.91538227447137,221.6375147487267
2024-12-30,GOOGL,192.84473936604851,195.0534194211104,191.21971260190153
2024-12-30,MSFT,426.27111094522496,428.28945084805906,421.63445281097944
2024-12-30,NVDA,136.81125793545607,138.62306025776124,134.41313269421028
